clade	species	ts	te
0.0	Abajudon	281.99457104704703	259.07179144544546
0.0	Abdalodon	256.65277146146144	256.2959672892893
0.0	Acratophorus	236.5788546436436	229.03153534134134
0.0	Adelobasileus	217.7973050890891	216.8602053993994
0.0	Aelurognathus_Temperate_S	259.8161690650651	252.07383219019022
0.0	Aelurosaurus	272.0025755875876	253.94310961461463
0.0	Aelurosuchus	245.47919587987985	245.0704224894895
0.0	Aerosaurus	303.14741606206206	291.34193065165164
0.0	Akidnognathus	258.6701212692693	253.5874061651652
0.0	Alemoatherium	223.24224301001004	222.13382718518514
0.0	Aleodon	245.7249731861862	227.23059319019018
0.0	Alepognathus	262.28186947147145	261.4372138978979
0.0	Alierasaurus	276.5291677967968	275.60394810310316
0.0	Alopecideops	261.51646818518515	260.7911891771772
0.0	Alopecodon	264.3265045175175	260.24221366566564
0.0	Alopecognathus	264.3521350850851	259.75442842542543
0.0	Alopecorhinus	258.8523458008008	258.3463894364364
0.0	Aloposaurus	260.2898756396396	253.00806267267265
0.0	Alrausuchus	272.9586466776776	265.7081637917918
0.0	Ameghinichnus	216.85210096596597	215.9270430780781
0.0	Andescynodon	247.05755947547544	220.97012787487486
0.0	Angelosaurus	281.43142963063065	266.3077288968969
0.0	Angonisaurus	244.9387038808809	244.53226395495494
0.0	Annatherapsidus	263.95949927427426	257.0722628968969
0.0	Anningia	263.3711241341341	262.4275936346346
0.0	Anomocephalus	266.72359902702703	265.63798474074076
0.0	Antecosuchus	246.4843115875876	242.42451879779782
0.0	Anteosaurus_Temperate_N	263.84050728728727	263.06523030430435
0.0	Anteosaurus_Temperate_S	264.38121605305304	259.6151484574574
0.0	Apsisaurus	293.8572325855856	292.99252823323326
0.0	Archaeosyodon	266.3493041631632	265.4677975145145
0.0	Archaeothyris	310.0209339499499	307.26228963163163
0.0	Archaeovenator	302.23796512812817	301.29087769569566
0.0	Arctognathus	260.0688158578579	253.75534560360362
0.0	Arctops	260.87608572872875	253.25574792992992
0.0	Arctotraversodon	235.8751065155155	229.25739317817818
0.0	Arisierpeton	286.68129206606613	286.02886234234234
0.0	Aulacephalodon	259.8912422672673	252.097362992993
0.0	Aulacocephalus	257.4283414184184	257.09077860460457
0.0	Australobarbarus	263.7617507197197	259.65073476076077
0.0	Australosyodon	266.49070901201196	265.4070105385386
0.0	Avenantia	261.90593250650653	261.0830867227227
0.0	Baldwinonus	302.76450114014017	294.1573735505505
0.0	Basilodon	260.2403035045045	252.87785315415417
0.0	Bauria	247.48658478078076	241.96429911811813
0.0	Beishanodon	249.15475323623625	248.88939504604605
0.0	Biarmosuchoides	266.19327083883877	265.2756768588588
0.0	Biarmosuchus	272.9163013683684	263.9924442052052
0.0	Biseridens	272.49703886986987	268.113715031031
0.0	Blattoidealestes	259.4744476146146	258.93659351951953
0.0	Bohemiclavulus	301.5557136616617	300.638105005005
0.0	Bolodon	206.723860992993	205.9634133863864
0.0	Bolotridon	245.98430042842844	245.58814326426426
0.0	Bonacynodon	242.18942173473474	232.9816493963964
0.0	Boreogomphodon	234.2075907897898	218.10536850550548
0.0	Botucaraitherium	219.84905204204205	218.81546889889887
0.0	Brachyprosopus	264.7237161131131	259.67371286586587
0.0	Brachyzostrodon	208.2143935985986	202.6068296346346
0.0	Brasilitherium	226.02094066066067	209.12579711711714
0.0	Brasilodon	226.83781762662662	208.93001253253252
0.0	Brontopus	259.6091905815816	252.83379339139137
0.0	Bulbasaurus	260.2122090630631	254.39712723923927
0.0	Bullacephalus	264.3105180790791	263.34250015715713
0.0	Burnetia	256.06379306006005	255.7819668288288
0.0	Cabarzia	296.3464525465465	295.3570162672673
0.0	Callibrachion	286.403634966967	285.7067514314314
0.0	Candelariodon	239.91718553353354	239.62566873173176
0.0	Caodeyao	255.67625258258258	255.4051334084084
0.0	Casea	283.77279263463464	273.1930632282282
0.0	Caseoides	280.96953239739736	268.4133327867867
0.0	Caseopsis	280.1084133363364	271.03592525225224
0.0	Cerdodon	267.0107616496496	265.9568632422422
0.0	Cerdorhinus	256.77815297998	256.4798677607607
0.0	Cerdosuchus	256.3119991881882	255.99464705505505
0.0	Chalepotherium	204.04333800100102	203.25544144344343
0.0	Chaliminia	223.15010663663662	213.5011215605606
0.0	Charassognathus	257.035866015015	256.7052690960961
0.0	Charruodon	220.77670562862863	219.80838465165164
0.0	Chiniquodon	242.38314046946945	218.57651975475477
0.0	Choerosaurus	271.2301672702703	256.0004049109109
0.0	Chthomaloporus	265.86009318418417	264.9862678568569
0.0	Chthonosaurus	262.1381725965966	258.15729564064065
0.0	Cistecephaloides	256.9902652142142	256.6818623293293
0.0	Cistecephalus	259.75242019219223	254.08010719719718
0.0	Cistecynodon	245.48209646446446	245.07559053753755
0.0	Clelandina	260.39420542242243	252.44358414914916
0.0	Clepsydrops	306.9219319469469	278.9623405435436
0.0	Colobodectes	264.09152283483485	252.1203499339339
0.0	Compsodon	260.65318904904905	252.73464432032034
0.0	Cotylorhynchus	283.5716306786787	265.94574129129126
0.0	Counillonia	249.83348441041042	249.55918736836838
0.0	Cricodon	247.41336294294294	236.67292576376377
0.0	Criocephalosaurus	264.85853156656657	259.96731958758755
0.0	Cromptodon	244.4794407067067	244.09370508908907
0.0	Cryptocynodon	260.3837353783784	254.7626875145145
0.0	Cryptovenator	299.3233742132132	298.3576383413413
0.0	Ctenorhachis	286.0898020820821	285.39443567967965
0.0	Ctenospondylus	293.6150582902903	284.9890468838839
0.0	Cutleria	296.6400794554554	288.8908377007007
0.0	Cynariognathus	264.12257470270265	260.15007213113114
0.0	Cyniscops	256.7270051211211	256.45430346746747
0.0	Cynognathus	247.43463871471468	227.9895888178178
0.0	Cynosaurus	260.4554328038038	252.42022020420418
0.0	Cyonosaurus	260.1990328368368	252.0452644784785
0.0	Dadadon	237.28832356856856	229.01893154154155
0.0	Dalongkoua	253.37370384584582	253.10543232732732
0.0	Daptocephalus	263.7463053303303	251.88097081681684
0.0	Daqingshanodon	255.51741534334337	255.2568848238238
0.0	Datheosaurus	299.3727438798799	298.473741986987
0.0	Davletkulia	269.4941453973974	268.5636682892893
0.0	Deccanodon	225.48847255155158	224.39165917217218
0.0	Delectosaurus	259.1619747067067	257.1840379019019
0.0	Delphinognathus	262.1160437907908	261.3057869279279
0.0	Deuterosaurus	266.9454081461462	260.46427087487484
0.0	Diademodon	247.42997840240238	230.43970365365365
0.0	Dicynodon_Temperate_N	265.5107477587587	260.36234696596597
0.0	Dicynodon_Temperate_S	286.9067822372372	239.04948434834836
0.0	Dicynodontipus_Temperate_N	246.49790687387386	246.15896013313315
0.0	Dicynodontipus_Temperate_S	258.87444646146145	236.78781845845847
0.0	Dicynodontoides_Temperate_S	260.55520637637636	249.06346642442443
0.0	Diegocanis	232.41765241941943	231.178817011011
0.0	Digalodon	260.10044172472476	252.29388982082085
0.0	Diictodon_Temperate_N	253.45423899399395	253.17628205205204
0.0	Diictodon_Temperate_S	267.08585303002997	252.07341221721722
0.0	Diictodontoides	256.53807894194193	256.23283717917917
0.0	Dimacrodon	282.24488795495495	268.59192254654647
0.0	Dimetrodon	298.65435825025025	264.5115372542543
0.0	Dinanomodon	260.61555244444446	248.4350871961962
0.0	Dinodontosaurus	242.11552340040038	232.5039551881882
0.0	Dinogorgon	259.92107276476474	253.727695022022
0.0	Dinosaurus	266.7616622372372	265.0393123503503
0.0	Dolichuranus	245.20048448948953	244.7904548288288
0.0	Dolomitipes	252.65708092292294	248.53133681781782
0.0	Driveria	274.9379318118118	273.93600254254255
0.0	Dromatherium	218.7095073803804	217.7858013933934
0.0	Dvinia	262.3429956786786	258.1648957297297
0.0	Ecteninion	232.34723654254256	231.03428175775775
0.0	Edaphosaurus	304.2741518588589	268.5184062972973
0.0	Elcabrosaurus	301.6895782662663	300.75556564664663
0.0	Elephantosaurus	239.21531740140142	238.9408822972973
0.0	Elliotsmithia	263.2114523353353	262.27671726526523
0.0	Elph	263.3842657257258	258.7894382952953
0.0	Emydochampsa	257.49560652452453	257.19357865565564
0.0	Emydops	270.19899053753755	253.6907264604605
0.0	Emydorhinus	259.6527115885886	253.7046594894895
0.0	Emydorhynchus	256.5483944914915	256.2549053553554
0.0	Emyduranus	259.6340861831832	255.19431432132131
0.0	Endothiodon_Temperate_S	276.3048976496496	253.65098058558556
0.0	Endothiodon_Tropical_S	259.0276702932933	251.94188194194194
0.0	Ennatosaurus_Temperate_N	272.56317754954955	264.650940102102
0.0	Ennatosaurus_Tropical_N	262.77438899899903	261.95397038238235
0.0	Eocasea	302.2338923173173	301.27111722822826
0.0	Eodicynodon	271.03881292792795	262.4941112042042
0.0	Eoraetia	205.67532184784784	204.90185217117119
0.0	Eosimops	264.8115080600601	255.40145437337335
0.0	Eothyris	287.0453999069069	286.26851987087093
0.0	Eozostrodon	206.49933145345344	202.88637485585588
0.0	Ericiolacerta	251.47123900900903	247.96811553753756
0.0	Eriphostoma	265.13326596496495	253.62450516616613
0.0	Estemmenosuchus	269.1745575715716	264.12758314114114
0.0	Eubrachiosaurus	232.99755470670672	231.91160555855856
0.0	Euchambersia	256.3066218488488	255.98989342242243
0.0	Euptychognathus	257.6204631671672	257.285124993994
0.0	Euromycter	281.94026266366365	281.11558957657655
0.0	Exaeretodon_Temperate_S	240.56186995795795	208.29978727227225
0.0	Exaeretodon_Tropical_N	244.52822127827827	244.16552676376378
0.0	Fluctuodon	205.72127733133132	204.93583288688689
0.0	Galechirus	263.39802762262264	259.94762522922923
0.0	Galeops	264.00901360460466	255.91178810410412
0.0	Galesaurus	252.19293434834833	246.96287563163165
0.0	Gaumia	215.4926336856857	201.7649603983984
0.0	Geikia_Temperate_N	253.06404027827824	252.79874863463465
0.0	Geikia_Temperate_S	259.4680528908909	254.82539416216215
0.0	Glanosuchus	267.02920999599604	260.0616838048048
0.0	Glaucosaurus	281.779652056056	280.92077169969974
0.0	Gomphodontosuchus	232.53628162962963	222.07746054854854
0.0	Gondwanadon	232.3930453033033	231.25570079679682
0.0	Gordonia	254.05036630030028	251.83486492992992
0.0	Gorgodon	278.81809737037037	269.51427532032034
0.0	Gorgonops	264.5537868088088	253.1170993763764
0.0	Gorochovetzia	260.4109621801802	259.8929186746747
0.0	Gorynychus	263.22025624424424	260.1838826906907
0.0	Habayia	205.58396872372373	204.85011576776773
0.0	Hahnia	204.90255800100095	204.08935881681685
0.0	Hallautherium	205.34614350550552	204.56603364764763
0.0	Haptodus	306.2688787497497	285.81378270970976
0.0	Haramiyavia	207.37137498298299	203.29587885885886
0.0	Hazhenia	247.14525366566568	246.82778103003005
0.0	Heleosaurus	261.6419297867868	260.883149028028
0.0	Helvetiodon	204.02953834634636	203.23224392692694
0.0	Herpetoskylax	259.8402047277277	255.04632462662664
0.0	Hipposaurus	263.9026394224224	260.53810853253253
0.0	Hofmeyria	260.5946411051051	253.8444296016016
0.0	Homodontosaurus	259.41581955455456	252.9242891971972
0.0	Hwanghocynodon	256.92287696296296	256.59962349149146
0.0	Hyaenasuchus	262.41281499499496	261.538211971972
0.0	Hypselohaptodus	296.59169227427424	295.64539923623624
0.0	Hypsiprymnopsis	205.2108992162162	204.38680265965968
0.0	Ianthasaurus	305.993865004004	303.65111293793797
0.0	Ianthodon	305.21339669569574	304.2599578068068
0.0	Ichibengops	258.52881426726725	254.4401962182182
0.0	Icticephalus	257.2403467237237	256.9438278808809
0.0	Ictidochampsa	255.3028812022022	254.9634448188188
0.0	Ictidognathus	260.889815984985	255.87707799799801
0.0	Ictidorhinus	256.95406853353353	256.60791803003
0.0	Ictidosaurus	267.76208402502505	260.76854263163165
0.0	Ictidosuchops	259.87905036236236	252.34784234134133
0.0	Ictidosuchus	258.083318990991	257.6662565395395
0.0	Idelesaurus	263.1502716746746	262.3758510740741
0.0	Impidens	245.0316644904905	244.59511811911912
0.0	Inostrancevia_Temperate_N	264.9280789209209	256.3482958728729
0.0	Inostrancevia_Temperate_S	257.035712055055	256.7086932682683
0.0	Interpresosaurus	258.3460810970971	258.04122616116115
0.0	Irajatherium	223.0758183873874	213.72404972272273
0.0	Ischigualastia	236.55638707507507	227.2454786796797
0.0	Isengops	256.7003317977978	256.40181977377375
0.0	Jachaleria	240.6171673333333	209.15705664364364
0.0	Jimusaria_Temperate_N	255.91317927827828	251.60698039939942
0.0	Jiufengia	256.8427824234234	256.53452868568564
0.0	Jonkeria	265.0051381261261	256.1553506266266
0.0	Julognathus	262.2328108708709	261.5030451781782
0.0	Kamagorgon	274.93587808808803	269.97051604804807
0.0	Kannemeyeria	250.55566154554555	241.97357184884885
0.0	Karenites	263.38861124424426	260.50220834834835
0.0	Kataigidodon	217.39566210810813	216.43717745445446
0.0	Katumbia	259.7024865085085	254.27952543443442
0.0	Kawingasaurus	259.76184231231235	254.32102259759762
0.0	Kembawacela	259.7949616726727	253.46746300200203
0.0	Kenomagnathus	304.9069925295296	303.99834716516517
0.0	Keratocephalus	264.8008075365365	259.8189528798799
0.0	Keyseria	255.1227897137137	254.81041862062062
0.0	Kitchinganomodon	259.57892294794794	253.518919974975
0.0	Knoxosaurus	280.54701629029034	270.6619675075075
0.0	Kombuisia	245.86496736836838	242.98487176276277
0.0	Kotelcephalon	262.0164068728729	261.28470675275275
0.0	Kuehneotherium	207.94152985585586	202.1798007957958
0.0	Kunpania	255.56100692592594	255.28832946746743
0.0	Kwazulusaurus	256.3151559009009	255.98901303403406
0.0	Lalieudorhynchus	264.43771501001	263.5706928098098
0.0	Langbergia	251.01710992392393	247.1001316986987
0.0	Lanthanostegus	263.9107153983984	260.97241952952953
0.0	Lemurosaurus	258.7401513813814	254.0525942882883
0.0	Lende	257.19909526526527	256.8456848658659
0.0	Leogorgon	262.1752963173173	258.9417460730731
0.0	Leontosaurus	260.7444102802803	251.59998604604604
0.0	Lepagia	208.27632902802804	201.94203284884887
0.0	Leucocephalus	257.4661732892893	257.16334712912914
0.0	Lisowicia	212.02930212212215	211.23306524424424
0.0	Lobalopex	257.2005123913914	256.89449677377377
0.0	Lophorhinus	256.86107765965966	256.5395854904905
0.0	Luangwa	247.469601006006	232.63723236636636
0.0	Lumkuia	245.03408876376378	244.64448012312312
0.0	Lupeosaurus	296.38849563263267	295.45052271171176
0.0	Lycaenodon	259.52313153753755	255.39455721021022
0.0	Lycaenops	260.05772863363364	252.97128342142142
0.0	Lycedops	261.6294422062062	260.8775546786787
0.0	Lycideops	255.9525812112112	255.65813163763764
0.0	Lycosaurus	263.7830817957958	255.9069483213213
0.0	Lycosuchus	262.2966583663664	261.48355358458457
0.0	Lystrosaurus_Temperate_N	253.9457761911912	249.53333676176175
0.0	Lystrosaurus_Temperate_S	262.4051516866867	247.1843311251251
0.0	Macromerion	301.80077550850854	300.48791155755754
0.0	Madysaurus	232.89252758558558	232.01197305305305
0.0	Malasaurus	258.17229135135136	257.8540086996997
0.0	Mandagomphodon	246.49403638238238	243.06144060960963
0.0	Martensius	287.7089326586587	287.0218207057057
0.0	Massetognathus	242.08583893493494	231.74191293493493
0.0	Mastersonia	276.67889573573575	275.7533153143143
0.0	Maubeugia	206.2633458088088	205.48364308508508
0.0	Megawhaitsia	259.32495004004005	257.1311114034034
0.0	Melanedaphodon	309.0919288938939	308.14525154154154
0.0	Menadon	240.1298538858859	227.63252339139137
0.0	Mesenosaurus_Temperate_N	273.203785025025	264.1206157807807
0.0	Mesenosaurus_Tropical_S	287.19311017217217	286.4251633823824
0.0	Meurthodon	205.31362233033033	204.54210649849853
0.0	Microconodon	233.49495384284285	211.55733295095092
0.0	Microgomphodon	250.3887392152152	242.0911113963964
0.0	Microhelodon	244.5482178318318	244.15064224624624
0.0	Microscalenodon	207.39930556256255	203.5115041681682
0.0	Microsyodon	273.7687248508509	268.17779340840843
0.0	Microurania	264.58471264964965	257.5603852782783
0.0	Microvaranops	264.5727205755756	259.79079603003004
0.0	Microwhaitsia	258.7746592762763	254.60521732832834
0.0	Milosaurus	303.4124174954955	302.4261616226226
0.0	Minicynodon	220.27095547147147	219.21597726526528
0.0	Mirotenthes	259.8366002852853	255.2055682162162
0.0	Mitredon	204.72249093293294	203.93465736036038
0.0	Mobaceras	267.39732525325326	266.38588610710707
0.0	Moghreberia	235.96472069369372	206.2660403943944
0.0	Mojo	205.56171552852854	204.70520552252256
0.0	Molybdopygus	266.1121725925926	265.2093308398398
0.0	Morganucodon	207.34137946346345	201.81698820120116
0.0	Mormosaurus	267.4190890590591	261.10192183783784
0.0	Moschops	264.8724749139139	257.16239672272275
0.0	Moschorhinus	259.9950763983984	247.1078221281281
0.0	Moschowhaitsia	259.96124474274274	257.1314268718719
0.0	Muchia	262.27290973473475	261.5483235295295
0.0	Mucrotherium	204.7747924894895	203.96791253453452
0.0	Mupashi	256.66199822722723	256.3897661961962
0.0	Mycterosaurus	288.44756304604607	275.64425717517514
0.0	Myosauroides	257.51483714614614	257.17322038038037
0.0	Myosaurus	251.89128964264265	246.9288824464464
0.0	Nanictidops	257.3482432222222	257.0468595525526
0.0	Nanictocephalus	257.10090436136136	256.80058501101104
0.0	Nanictosaurus	259.2716955925926	252.8088876876877
0.0	Nanocynodon	262.4461219049049	261.755609006006
0.0	Nanogomphodon	238.57352787387387	238.31422075975973
0.0	Neosaurus	292.76870247247246	291.83719448748747
0.0	Niaftasuchus	271.4874555815816	264.7657113993994
0.0	Niassodon	257.7190410880881	257.39436412512515
0.0	Nikkasaurus	271.3911495435435	266.5200911141141
0.0	Nitosaurus	301.44613423923926	300.4780668638639
0.0	Niuksenitia	262.53963039039036	261.76561098098097
0.0	Nochnitsa	262.0558475585586	261.3385303643644
0.0	Notaelurodon	255.15723242342344	254.8813267777778
0.0	Nothogomphodon	245.42231703903903	243.47752632932935
0.0	Notosyodon	263.56219064864865	262.75408371771766
0.0	Nshimbodon	256.999611982983	256.6433531981982
0.0	Nythosaurus	245.0936342742743	244.67949864664664
0.0	Odontocyclops	260.206610988989	254.2509504044044
0.0	Oedaleops	302.05040297197195	288.8495814814815
0.0	Oligokyphus	207.1972050660661	203.24712128428428
0.0	Olivierosuchus	251.59005127627626	246.75045674374374
0.0	Ophiacodon	304.0908388688689	268.36605831431433
0.0	Ophidostoma	256.5532966916917	256.26191985185187
0.0	Ordosiodon	246.10014803503506	242.67931561761762
0.0	Oromycter	287.8156387987988	287.07381058258255
0.0	Otsheria	265.9833594914915	265.12569217817816
0.0	Oudenodon_Temperate_S	262.65564894794795	251.99841944344342
0.0	Pachydectes	261.6551847237237	260.827829956957
0.0	Palemydops	259.31070305305303	254.9469631881882
0.0	Pampaphoneus	267.10569325125124	261.6876772852853
0.0	Panchetocynodon	251.1514073873874	250.88689104604606
0.0	Parabradysaurus	274.0153240730731	268.6367606326327
0.0	Paraburnetia	257.6635707727728	257.3808077787788
0.0	Paragalerhinus	255.70183194994996	255.37054721521523
0.0	Parakannemeyeria_Temperate_N	246.8247413843844	240.9324603093093
0.0	Parasuminia	261.90083743143146	261.19716394294295
0.0	Paratraversodon	241.44844266366366	234.7904644674675
0.0	Pardosuchus	262.79805717217215	261.9126255095095
0.0	Pascualgnathus	235.80188895495493	228.94242983383384
0.0	Patranomodon	266.9393698128128	264.37521509309306
0.0	Pelanomodon	259.5925654614615	251.97542886786786
0.0	Pelictosuchus	258.8443002912913	252.79962734234238
0.0	Pentasauropus_Temperate_S	241.64651364764765	209.11483183483483
0.0	Pentasauropus_Tropical_N	218.9950950920921	218.06091973773775
0.0	Pentasaurus	212.71094340940942	211.7345674864865
0.0	Peramodon	262.8301837827828	258.41335006506506
0.0	Perplexisaurus	265.7428635845846	259.80893524924926
0.0	Phocosaurus	263.7567134794795	260.6110634344344
0.0	Phreatophasma	273.21559569069075	272.32507189589586
0.0	Phthinosaurus	270.2229386716716	264.7966200680681
0.0	Placerias	234.39616179579582	209.01416395795795
0.0	Planitorostris	239.35039300500503	238.97588105205205
0.0	Platycraniellus	251.81112543443442	247.02553750650648
0.0	Platycyclops	257.2911121081081	257.00414488188187
0.0	Platypodosaurus	259.84591883283287	254.04005706906906
0.0	Plinthogomphodon	219.24857442242242	218.32138965365365
0.0	Polonodon	231.45892347847845	230.33269549149153
0.0	Polycynodon	257.1041192002002	256.77256394194194
0.0	Porosteognathus	265.14528569169164	261.35546518618617
0.0	Pravoslavlevia	261.0275593873874	260.46754903303304
0.0	Pristerodon_Temperate_S	263.89292102102104	254.12109324524525
0.0	Pristerognathoides	264.8352401101101	257.770911992993
0.0	Pristerognathus	264.3845304594594	259.8155213563564
0.0	Pristerosaurus	262.9960617677678	262.11517454754755
0.0	Probainognathus	241.65364935335336	229.77940263863863
0.0	Proburnetia	262.40795295795795	261.68304523623624
0.0	Procynosuchus_Temperate_N	261.0325005495496	255.8438253853854
0.0	Procynosuchus_Temperate_S	260.13194513513514	248.82869814314316
0.0	Prodicynodon	258.3240652612613	254.88277574874877
0.0	Progalesaurus	251.78821829029027	251.49929353253253
0.0	Promoschorhynchus	260.03911277377375	252.34443008108107
0.0	Prosictodon	265.45797387187184	264.4472392302303
0.0	Protheriodon	239.51753916016014	239.23397156456457
0.0	Protuberum	242.0864327267267	236.4225592732733
0.0	Prozostrodon	233.23283286886888	211.5952970920921
0.0	Pseudotherium	231.95233774674674	230.63394555355356
0.0	Pseudotriconodon_Temperate_N	215.9996473893894	201.6797651781782
0.0	Pseudotriconodon_Tropical_N	217.2617911951952	216.36059746546547
0.0	Ptomalestes	264.0045725555555	260.07953072872874
0.0	Purlovia	259.62061681781785	257.26644949549546
0.0	Putillosaurus	249.18628190690688	248.90542413813813
0.0	Pyozia	268.83802875275273	267.9304846296296
0.0	Rabidosaurus	246.36314823023025	243.3142788968969
0.0	Raranimus	271.5845378358359	270.6877668298298
0.0	Rastodon	262.5149716486486	261.6649120770771
0.0	Rechnisaurus	245.8576681231231	242.92906472272273
0.0	Redondagnathus	217.50531742842844	216.54767848048047
0.0	Regisaurus	251.5124106116116	248.0434020910911
0.0	Reiszia	269.9736197977978	264.9762553743743
0.0	Remigiomontanus	298.99877899299304	298.06740150750755
0.0	Repelinosaurus	250.200857011011	249.92422023223224
0.0	Rewaconodon_Temperate_S	234.24775772372374	229.99564753253253
0.0	Rewaconodon_Tropical_S	217.47971931331332	216.55480992992992
0.0	Rhachiocephalus	259.70425062362364	254.02188628128127
0.0	Rhadiodromus	245.86570757957958	242.70100032232233
0.0	Rhinodicynodon	244.04284494594592	243.6649720790791
0.0	Rhopalodon	266.6294399069069	264.6625387427427
0.0	Riebeeckosaurus	261.9735284864865	261.1755470760761
0.0	Riograndia	226.42037314214213	209.2260792032032
0.0	Riojanodon	233.96344505805803	233.07915781881883
0.0	Robertia	264.22786247747746	258.7439684924925
0.0	Rosieria	207.7236334104104	203.7668061761762
0.0	Ruberodon	231.8742342002002	230.65987354754753
0.0	Rubidgea	260.0955670700701	252.36864427827828
0.0	Ruhuhucerberus	258.818870038038	254.77214483683684
0.0	Ruthenosaurus	285.235973973974	284.4443515545546
0.0	Ruthiromia	302.3706913523523	301.4257632982983
0.0	Sangusaurus	246.7871438258258	238.95286607307307
0.0	Santacruzgnathus	231.77208288388388	230.6344398118118
0.0	Santacruzodon	235.8704512982983	227.8452624154154
0.0	Santagnathus	227.23375228728727	208.42818214314315
0.0	Sauroctonus_Temperate_N	262.95467422122124	262.2032322742743
0.0	Sauroctonus_Temperate_S	257.55753476976975	257.228517961962
0.0	Sauroscaptor	260.2705455485485	254.14454481281285
0.0	Scalenodon	247.10007415815815	239.4002798938939
0.0	Scalenodontoides	226.4073017047047	202.54566366366367
0.0	Scalopocephalus	257.98260583283286	257.6009513683684
0.0	Scalopodontes	261.58246942742744	260.87750441541544
0.0	Scalopognathus	251.68487020920924	251.41927359359357
0.0	Scaloporhinus	255.95554832632635	255.64998968768768
0.0	Scaloposaurus	258.8121351391392	246.60934227927928
0.0	Scaloposuchus	255.63832896896895	255.32436305805805
0.0	Scylacoides	259.21401201001004	258.73815841341343
0.0	Scylacops	259.9477042252252	254.0087505085085
0.0	Scylacosaurus	263.7247605845846	255.34745038838838
0.0	Scylacosuchus	261.89006186686686	261.2184413813814
0.0	Scymnosaurus	264.51163556756757	259.80556569369367
0.0	Secodontosaurus	289.6051136036036	277.5700207577578
0.0	Sesamondontoides	244.25166025925924	243.83244213913915
0.0	Shaanbeikannemeyeria	246.72059533533533	243.00723267467467
0.0	Shansiodon_Temperate_N	247.06970124624627	242.33098296196198
0.0	Shansiodon_Temperate_S	244.464230017017	244.0614446056056
0.0	Shashajaia	287.9660396486487	287.08334846846844
0.0	Shiguaignathus	256.0222415035035	255.73652433233235
0.0	Silphedosuchus	249.52077693993996	249.24743223523524
0.0	Silphoictidoides	258.6664648338338	255.5955702872873
0.0	Sinoconodon	205.23051741041039	204.45651905905905
0.0	Sinognathus	244.41583464964967	244.02722839539538
0.0	Sinokannemeyeria	247.1888574014014	240.11789987187186
0.0	Sinophoneus	272.7285455285285	266.9475641211211
0.0	Sintocephalus	257.05222420020016	256.7183495925926
0.0	Siriusgnathus	233.15704404004006	212.54537255455455
0.0	Sludica	264.14680294694693	260.4564697037037
0.0	Smilesaurus	259.39806032232235	253.97496694094096
0.0	Sphenacodon	303.37321647347346	283.6904120990991
0.0	Stahleckeria	245.2794091911912	236.3224657067067
0.0	Steppesaurus	275.8274726076076	274.8465604934935
0.0	Stereophallodon	292.5102625215215	291.63402862362364
0.0	Stereorhachis	304.5782856196196	303.5754940400401
0.0	Struthiocephaloides	263.5689838808808	261.3810343933934
0.0	Struthiocephalus	264.3026499049049	259.73344631531535
0.0	Styracocephalus	263.82598377577574	260.48010005405405
0.0	Suchogorgon	264.449778987988	260.3807741551551
0.0	Suminia	264.44976083283285	259.5683542132132
0.0	Sungeodon	251.70113725725724	251.43109122522523
0.0	Sycosaurus	259.8319003623624	254.6302362812813
0.0	Syodon	275.8016832072072	260.48557337037033
0.0	Syops	259.96288867767765	253.82392047047048
0.0	Sysphinctostoma	245.3642428108108	242.58386723923923
0.0	Tambacarnifex	287.1731355875876	286.49587085985985
0.0	Tamboeria	261.63002727827825	260.8664577547548
0.0	Taoheodon	255.2716674694695	255.00312913213213
0.0	Tapinocaninus	265.88198022622623	264.8152337367368
0.0	Tapinocephalus	263.45170228228227	260.13396055255254
0.0	Tappenosaurus	280.96836886586584	270.4577255905906
0.0	Taurocephalus	262.11921038038037	261.3012575295295
0.0	Tenuacaptor	305.1135791391392	304.13483925425425
0.0	Tessellatia	218.33863648148147	217.37928304304305
0.0	Tetraceratops	278.55483376276277	277.6294573363363
0.0	Tetracynodon	259.53624794094094	247.00347675375377
0.0	Tetragonias	246.96852707207205	243.21375566766764
0.0	Theriognathus	259.97164348848844	244.5145482062062
0.0	Therioherpeton	226.6163103923924	225.42528374174174
0.0	Therioides	262.3637083343343	261.5396140910911
0.0	Theroteinus	204.5452627977978	203.75855317817815
0.0	Thliptosaurus	256.21023244844844	255.88485664664663
0.0	Thomasia	215.49334583883882	201.2068234914915
0.0	Thrinaxodon	251.89661666566568	247.21630257757758
0.0	Tiarajudens	266.83811289989995	265.84191326026024
0.0	Tigrisuchus	259.4757952902903	255.4768512302302
0.0	Tikitherium	232.3812615015015	231.17979248348348
0.0	Titanophoneus	267.2348417137137	260.33187777277277
0.0	Titanosuchus	267.8259597837838	259.58263146146146
0.0	Traversodon	242.16860373673677	236.3066837127127
0.0	Traversodontoides	244.53356148948947	244.17758524024023
0.0	Trichasaurus	279.0698263603604	278.20309349549547
0.0	Tricuspes	215.46921417417417	201.12135475475475
0.0	Trirachodon	247.01313924624623	242.3050569009009
0.0	Tritylodon	209.30413995395395	208.32620662362362
0.0	Trochorhinus	262.28866973373374	261.45290797597596
0.0	Trochosaurus	264.57891470370373	260.165949006006
0.0	Trochosuchus	262.6353177317318	261.78692508708707
0.0	Tropidostoma	262.72848485585587	254.35879435335335
0.0	Trucidocynodon	234.2613391891892	214.52004638138138
0.0	Turfanodon_Temperate_N	258.44734157357357	251.57407096196195
0.0	Ufudocyclops	246.14930731231232	242.4609387987988
0.0	Ulemica	267.3940864054054	260.3131395715716
0.0	Ulemosaurus	266.6903849289289	260.16780902002
0.0	Uniserium	206.08981915515514	205.31641642042044
0.0	Uralocynodon	261.0457188858859	260.469854925926
0.0	Uralokannemeyeria	245.99596605805806	242.9788982112112
0.0	Urumchia	251.7691876896897	251.4901236366366
0.0	Ustia	261.9242698898899	261.2179288108108
0.0	Varanodon	269.5554127857858	268.5778688458459
0.0	Varanops	290.0355787987988	276.37986289989993
0.0	Varanosaurus	288.71353899199204	273.81471725825827
0.0	Vaughnictis	296.5978052212212	288.07907095695697
0.0	Venyukovia	266.4572385385385	265.5875788918919
0.0	Vetusodon	255.72095783183184	255.41591024424423
0.0	Viatkogorgon	264.0188627327327	260.49944578878876
0.0	Viatkosuchus	263.2308904944945	260.20741883383386
0.0	Vinceria	246.98719533033037	242.5886238038038
0.0	Vivaxosaurus	264.27712462462466	256.6628542432432
0.0	Wadiasaurus	244.3655302042042	243.96341666066067
0.0	Walteria	262.5612264134134	261.73359342542545
0.0	Wantulignathus	267.49630768668663	266.48313250750755
0.0	Watongia	268.58389764064066	267.58784714114114
0.0	Woutersia	207.38396614314314	202.45173175675674
0.0	Woznikella	235.67461128228226	228.84895145445446
0.0	Xiyukannemeyeria	247.30211364264264	237.01669202302304
0.0	Xyrospondylus	305.75768055355354	303.5022322582583
0.0	Yikezhaogia	243.83146520620622	243.4636162712713
0.0	Zambiasaurus	244.5878388378378	244.17858446346347
