clade	species	ts	te
0.0	Abyssomedon	286.3166460440441	285.8132931051052
0.0	Acadiella	232.1802963053053	230.57082442042042
0.0	Acaenasuchus	226.23641342042043	209.1188446336336
0.0	Acallosuchus	221.56668872972972	220.27388316616617
0.0	Acerosodontosaurus	255.0862763873874	254.96272924024024
0.0	Acleistorhinus	279.24286133833834	278.10320248748747
0.0	Acrodenta	256.948914008008	256.8140974194194
0.0	Actiosaurus	205.12619585585583	204.11536146846845
0.0	Adamanasuchus	217.31765382382383	216.07859321821823
0.0	Adelosaurus	256.1698158488488	256.064821001001
0.0	Aenigmasaurus	249.95767472172173	249.24646966466463
0.0	Aenigmaspina	231.95472273273273	230.39031697997996
0.0	Aenigmastropheus	256.2760488038038	256.1625376646647
0.0	Aetosauroides	234.6373330910911	210.2156577067067
0.0	Aetosaurus	226.5651222142142	208.51155511411412
0.0	Agkistrognathus	250.2836205905906	249.54028015215215
0.0	Agnosphitys	232.9038806816817	231.39478995595596
0.0	Alexeyisaurus	217.55671890990993	216.36868044744745
0.0	Alwalkeria	233.70594613013012	232.2281690950951
0.0	Amanasaurus	233.07105045645648	210.88150256556557
0.0	Ammorhynchus	247.36349016316316	244.77182860160158
0.0	Ammosaurus	201.59489688188188	199.3052332122122
0.0	Amotosaurus	247.35715875975978	243.63302752052053
0.0	Anarosaurus	246.87101182882884	242.6356957617618
0.0	Anchisauripus_Temperate_N	222.24286374074075	198.15170080680682
0.0	Anchisauripus_Tropical_N	224.88363383483485	198.2997414994995
0.0	Ancistronychus	222.87190873173174	221.49000213413413
0.0	Angistorhinus	237.02997642442443	211.80551682982983
0.0	Anisodontosaurus	247.3137509129129	237.62613871471473
0.0	Anomoepus_Temperate_N	201.4005953843844	199.3414134394394
0.0	Anomoepus_Tropical_N	222.2680166136136	198.9868734224224
0.0	Anomoiodon	247.53269158958958	243.3584106946947
0.0	Anshunsaurus	239.79242156356355	228.40528272872874
0.0	Anthodon	259.5173229089089	253.85303415615616
0.0	Anticheiropus	200.8721621681682	199.81552333033034
0.0	Apachesuchus	220.05838528528528	218.86898311411412
0.0	Apatopus_Temperate_N	232.7562801951952	231.2155704934935
0.0	Apatopus_Tropical_N	226.87334345345346	201.60039370070072
0.0	Apatopus_Tropical_S	232.80745991391387	231.2458285235235
0.0	Apatosuchus	215.6395985195195	214.42458391691693
0.0	Aphelosaurus	296.3997055305306	294.8197152722723
0.0	Araeoscelis	290.71144886086086	272.12893638638633
0.0	Archeopelta	240.02311093993993	239.14213815415414
0.0	Archosaurus	260.4866438688689	256.5317468028028
0.0	Arcticodactylus	219.08937795695698	217.85440525425426
0.0	Arganaceras	257.23766441341337	257.08970741841847
0.0	Arganasuchus	233.7973302792793	227.36531705805805
0.0	Argoides	201.63921941341343	199.38600385585585
0.0	Arizonasaurus	247.1647208918919	244.91484414214216
0.0	Asilisaurus	247.21298129629628	241.93884386886884
0.0	Askeptosaurus	244.470393	235.90671916616617
0.0	Asperoris	245.86771408808806	245.03531423823824
0.0	Asylosaurus	208.35733102002	201.38270433833833
0.0	Atopodentatus	245.00975234034033	243.63495575675674
0.0	Atreipus_Temperate_N	233.6064711971972	232.0970596086086
0.0	Atreipus_Tropical_N	231.56139333833835	215.66444846746748
0.0	Augustaburiania	250.6201781391391	246.74562629229231
0.0	Augustasaurus	243.3137835255255	242.51618192892892
0.0	Australothyris	261.9402128148148	261.49216994394396
0.0	Austriadactylus	213.81562648648648	209.94242176776777
0.0	Austriadraco	211.62426213513513	210.4336787657658
0.0	Avalonnectes	200.80188856156158	199.82186826926926
0.0	Avicranium	204.51879326526526	203.56379925425426
0.0	Azendohsaurus	232.19379364264265	230.59383816016017
0.0	Baeotherates	286.8012623073073	286.45833958858856
0.0	Baisesaurus	248.6359106886887	247.85197005205205
0.0	Barasaurus	260.7574222062062	247.95306019219217
0.0	Barberenasuchus	239.89363836136138	239.03169351051054
0.0	Barracudasauroides	246.73863363063063	242.02574198698701
0.0	Barracudasaurus	247.20449563063065	241.54855752752752
0.0	Barrancapus	222.85708350550547	221.63509150450452
0.0	Bashkyroleter	272.718834013013	264.4480006786786
0.0	Batrachopus_Temperate_N	247.14660798798798	200.83615860860863
0.0	Batrachopus_Tropical_N	214.95869765165165	199.06293201601602
0.0	Batrachotomus	239.959434014014	235.99453956456458
0.0	Belebey	270.28618394694695	264.2259124684685
0.0	Benggwigwishingasuchus	245.6562692272272	244.86111569069072
0.0	Bentonyx	245.7712477317317	245.04142419019018
0.0	Bergamodactylus	215.2920515105105	214.06358406906907
0.0	Besanosaurus	241.45064882882883	240.57871746646646
0.0	Blezingeria	244.11309634834836	243.33500375975976
0.0	Blomosaurus	251.78636636136133	251.32017723423425
0.0	Bobosaurus	236.12378763863865	234.76293208408407
0.0	Bolosaurus	296.24608640840836	276.25171828528534
0.0	Boreopricea	250.5249128138138	247.70862057357357
0.0	Brachychirotherium_Temperate_N	233.98004918018017	232.56071151551552
0.0	Brachychirotherium_Tropical_N	231.83826378978978	203.3534158758759
0.0	Brachychirotherium_Tropical_S	233.55287276076075	228.18643451251248
0.0	Bradysaurus	264.639702970971	258.921981996997
0.0	Brasinorhynchus	241.32952364164163	236.8139824124124
0.0	Brazilosaurus	291.54894575475475	282.5364411021021
0.0	Bromsgroveia	247.25243134834835	241.9479888108108
0.0	Broomia	263.69462699499496	259.6041296936937
0.0	Bunostegos	252.77750758958962	252.61813963263265
0.0	Buriolestes	235.10355453053052	210.55574941541542
0.0	Bystrowisuchus	250.09939909709712	249.32394565065064
0.0	Callawayia	221.23956196896896	212.55890562462463
0.0	Calyptosuchus	233.97396887687688	208.37558142142143
0.0	Camelotia	207.67489062862862	202.79467157657658
0.0	Camposaurus	218.25454133233234	217.06493217217218
0.0	Candelaria	242.0599083893894	235.9836407777778
0.0	Captorhinikos	283.2938044954955	273.1296723393393
0.0	Captorhinoides	281.1897768538538	274.05700345045045
0.0	Captorhinus_Temperate_S	256.34552565065064	256.23114887987987
0.0	Captorhinus_Tropical_N	287.11258240740744	272.6361312652653
0.0	Captorhinus_Tropical_S	290.7196101901902	274.2927048598599
0.0	Cargninia	217.7892755865866	216.58150288488488
0.0	Carnufex	231.85712625625624	230.3917855485485
0.0	Cartorhynchus	248.43521751751754	247.62519833333334
0.0	Caseosaurus	215.51272764264263	214.31835438838837
0.0	Caviramus	207.19710353253257	206.1534920610611
0.0	Ceresiosaurus	242.28730643343343	237.10297518418417
0.0	Chalishevia	242.1984505925926	236.05888071671674
0.0	Chanaresuchus	242.02310073473473	236.1637038188188
0.0	Chaohusaurus	250.39478744244244	241.60447514214215
0.0	Chasmatosuchus	251.81017783683686	247.13755466166168
0.0	Chelyoposuchus	205.11502580980982	204.08346864164162
0.0	Chinchenia	240.78038488188187	239.8347384084084
0.0	Chindesaurus	225.49113440640642	211.96137032932936
0.0	Chinshakiangosaurus	200.73320281681683	199.75316636736738
0.0	Chirotherium_Temperate_N	235.67140487087087	202.148553006006
0.0	Chirotherium_Temperate_S	241.325885985986	237.25389237537536
0.0	Chirotherium_Tropical_N	252.3354701251251	212.59312610910908
0.0	Chromogisaurus	234.02171861061058	232.4797798918919
0.0	Clarazia	243.61423604504506	242.8699708268268
0.0	Claudiosaurus	260.5464777857858	250.33835475975977
0.0	Clevosaurus_Temperate_N	237.02671203803806	199.05648973773773
0.0	Clevosaurus_Temperate_S	233.5661906156156	208.72561135035033
0.0	Coahomasuchus	233.48012327327328	218.5367699349349
0.0	Coartaredens	247.0573927747748	242.09030774874873
0.0	Coburgosuchus	221.58023006506505	220.27511634934933
0.0	Coelodontognathus	250.40053671371373	246.6545827897898
0.0	Coelophysis_Tropical_N	227.8084132222222	199.91070040240237
0.0	Coelophysis_Tropical_S	217.0930782852853	215.84883904604604
0.0	Coelurosauravus_Temperate_N	256.9774738048048	256.8718869049049
0.0	Coelurosauravus_Temperate_S	258.31731658158157	252.01071966966967
0.0	Coelurosaurichnus_Temperate_N	247.00764128528527	202.18150380880886
0.0	Coelurosaurichnus_Tropical_N	246.84312034434433	212.91795959559556
0.0	Coelurosaurichnus_Tropical_S	233.66095633433432	228.95268453753755
0.0	Coletta	249.4030118088088	248.67246793393392
0.0	Collilongus	249.49926311411411	248.76668392192192
0.0	Colobomycter	290.99945483583576	283.61911013913914
0.0	Colobops	217.4055762042042	216.16524670070072
0.0	Coloradisaurus	222.41370096796797	212.34111088588588
0.0	Coloradisuchus	217.72232348448452	216.52272305705705
0.0	Concavispina	231.58308884584585	229.964825993994
0.0	Contectopalatus	243.20926676176177	242.41804312712713
0.0	Corosaurus	248.90102900800798	247.00752068668672
0.0	Cosesaurus	238.59199028928927	237.5311368668669
0.0	Crosbysaurus	227.39112616916915	209.19012902302302
0.0	Ctenosauriscus	248.65730878078077	247.88376717617618
0.0	Cyamodus	246.80282176176175	227.9895174894895
0.0	Cymatosaurus	247.0967424024024	242.27588316916916
0.0	Cymbospondylus_Temperate_N	245.51067614114115	235.74633004504506
0.0	Cymbospondylus_Tropical_N	249.5458043913914	237.34761796096097
0.0	Czatkowiella	249.39669216716715	248.6700236836837
0.0	Dactylosaurus	247.32015144344345	242.30660048248248
0.0	Daemonosaurus	205.75466677277277	204.7231192952953
0.0	Dagasuchus	234.029501996997	232.513003978979
0.0	Dawazisaurus	244.21990748448448	243.42345215715716
0.0	Decuriasuchus	243.99584892992996	236.26215259159162
0.0	Delatorrichnus	200.77452613713714	199.79909187487485
0.0	Delorhynchus	290.12401119419417	282.9154854834835
0.0	Deltadectes	218.94560464664667	203.5071204084084
0.0	Deltavjatia	264.86527987187185	259.64030391791795
0.0	Desmatosuchus	233.59702462962963	209.1045128948949
0.0	Diandongosaurus	244.61857659959958	243.80092269969973
0.0	Diandongosuchus	239.6351461081081	238.72052151551551
0.0	Dianmeisaurus	245.37425098298297	242.80999018618616
0.0	Dianopachysaurus	244.61315569169167	243.87792435535536
0.0	Dimetropus	291.287193966967	282.5496910770771
0.0	Dimorphodon	200.94886645945945	199.93767653553553
0.0	Dinocephalosaurus	244.9272404834835	243.55127422922922
0.0	Diphydontosaurus_Temperate_N	236.96291749649652	201.47984564864865
0.0	Diphydontosaurus_Tropical_N	215.28109924124124	214.12744218518517
0.0	Diphydontosaurus_Tropical_S	220.10896413313313	218.82784047847846
0.0	Dolabrosaurus	215.91336063263262	214.68870350050048
0.0	Dolerosaurus	230.0399031941942	228.52447870270268
0.0	Dolichobrachium	233.75993716916915	232.2963797007007
0.0	Doliovertebra	245.48047655455454	244.66300707107106
0.0	Dongusuchus	246.21566048748753	241.9713251901902
0.0	Dorosuchus	246.1817946976977	242.82836937237235
0.0	Doswellia	237.54964022522523	210.88961226726727
0.0	Dracoraptor	200.95226720620622	199.91151796996996
0.0	Drepanosaurus_Temperate_N	216.00704346746747	214.67474559859858
0.0	Drepanosaurus_Tropical_N	222.41585313113112	202.73423167267268
0.0	Dromomeron_Temperate_S	219.14702638038037	217.8903636146146
0.0	Dromomeron_Tropical_N	224.82973929429428	203.00199354854857
0.0	Dromomeron_Tropical_S	224.85346189889893	210.5377551001001
0.0	Dyoplax	232.11930355455456	230.43455959559557
0.0	Ebrachosuchus	233.29738997797799	231.82779453753753
0.0	Effigia	208.31174183483483	201.78037246446448
0.0	Efraasia	219.00780665865867	211.88236296796796
0.0	Eifelosaurus	246.08252850250253	245.26547489689688
0.0	Elachistosuchus	205.54078469969969	204.446
0.0	Elessaurus	249.33686245745747	248.60274135035033
0.0	Elginia	257.52036925625623	250.69684047547545
0.0	Embrithosaurus	264.8326304784785	259.5977462022022
0.0	Emeroleter	264.84875801001	259.91343133833834
0.0	Endennasaurus	215.22279753753756	214.00606877777776
0.0	Energosuchus	241.67016894494495	236.2194005845846
0.0	Eodromaeus	230.9930854064064	229.45740008108106
0.0	Eohupehsuchus	248.37579707307304	247.59703014414416
0.0	Eohyosaurus	246.47730147747745	242.04719797097096
0.0	Eomurruna	251.8909774184184	250.9289173553554
0.0	Eoplesiosaurus	200.8209386906907	199.7864516736737
0.0	Eoraptor	235.60276148448452	229.51839677477477
0.0	Eorasaurus	262.44958116216213	261.96752934234235
0.0	Eorhynchochelys	231.6866982092092	230.14430685685687
0.0	Eosauropus_Temperate_N	224.49681307607608	214.25695518618616
0.0	Eosauropus_Tropical_N	224.36094018818818	210.87430018718717
0.0	Eretmorhipis	240.83718848048048	240.00421103403403
0.0	Erpetosuchus	218.32573175875874	217.0876243193193
0.0	Erythrosuchus	247.06514356756756	242.11324037837835
0.0	Erythrovenator	233.58000683283282	231.96461146246247
0.0	Eshanosaurus	200.78581248148149	199.7953080940941
0.0	Eubrontes_Temperate_N	226.52341374774775	199.05660013513514
0.0	Eubrontes_Tropical_N	226.0398776216216	199.15951753653658
0.0	Eucoelophysis	220.8287332822823	202.1387071731732
0.0	Eudibamus	286.8822766446446	286.59796240840836
0.0	Eudimorphodon	219.58176393893893	201.06426387687688
0.0	Eumetabolodon	249.5834041171171	242.30486502002003
0.0	Eunotosaurus	264.741462019019	259.72207023823825
0.0	Euparkeria	246.8092806066066	241.9462812642643
0.0	Eurhinosaurus	200.8969715895896	199.9409769329329
0.0	Eurycleidus	201.20337792792793	200.20671658958958
0.0	Eusaurosphargis	246.90671258758758	238.33932223823825
0.0	Euscolosuchus	234.01706162562564	232.48345813213214
0.0	Evazoum	232.76725231631633	202.6891262182182
0.0	Fasolasuchus	218.9500629229229	217.72267253953953
0.0	Faxinalipterus	220.5961953683684	212.1625778858859
0.0	Feeserpeton	286.2891385115115	285.8695143243243
0.0	Feralisaurus	245.31497058558557	244.5082166106106
0.0	Fodonyx	247.2827798128128	241.93819312012013
0.0	Fraserosphenodon_Temperate_N	232.6503772112112	231.0216326046046
0.0	Fraserosphenodon_Tropical_S	217.4126235285285	216.24172434134135
0.0	Fraxinisaura	238.84504475275276	237.86477845845846
0.0	Fugusuchus	246.6940581981982	245.9136945205205
0.0	Fuyuansaurus	239.56244945245246	238.7470012982983
0.0	Galesphyrus	258.38099793993996	255.10310495695694
0.0	Gamatavus	241.61811923423426	237.27111422422425
0.0	Gansurhinus	272.7154351351351	255.13983785285285
0.0	Garjainia_Temperate_N	250.36282446946944	247.06988694494495
0.0	Garjainia_Temperate_S	251.1610518928929	246.90283166266266
0.0	Garzapelta	218.52571227827826	217.25968035535536
0.0	Gecatogomphius	275.70127472172175	268.19427133333335
0.0	Gephyrosaurus	207.12334249449452	202.26698612312313
0.0	Glaurung	256.0281986946947	255.91825325825826
0.0	Glyphoderma	238.87838103203202	237.88695396896895
0.0	Gnathovorax	233.01275227727726	218.30932394794795
0.0	Gojirasaurus	218.0370612292292	216.854409018018
0.0	Gomphiosauridion	231.75895893293293	230.16062853553552
0.0	Gorgetosuchus	232.96508150850852	231.52386534634635
0.0	Gracilisuchus	241.41435819419422	236.36189864764765
0.0	Grallator_Temperate_N	233.7694501301301	198.50734893893895
0.0	Grallator_Temperate_S	232.94215432432435	216.37998757857858
0.0	Grallator_Tropical_N	234.30360026126127	199.21406655355355
0.0	Graoullyodon	206.75739661961958	205.67039784384383
0.0	Gregaripus	227.42672615615615	212.90271909109111
0.0	Gresslyosaurus	222.37240633533534	208.39194004304306
0.0	Grippia	250.78792096096095	247.09169619919922
0.0	Guaibasaurus	225.9285306126126	208.9404630960961
0.0	Gualosuchus	241.45724485385384	236.95439273973972
0.0	Guanlingsaurus	233.38950083283282	227.74054318418416
0.0	Guchengosuchus	245.22067495895897	244.45702129829826
0.0	Guizhouichthyosaurus	241.114152035035	227.12434401201202
0.0	Gulosaurus	251.0862406236236	248.78404792992993
0.0	Gunakadeit	217.41399213413413	216.24427994094094
0.0	Gwyneddichnium	225.1724279049049	201.51629723323322
0.0	Gyposaurus	201.6906436716717	199.53133064364363
0.0	Halazhaisuchus	245.15739991091093	244.367037998999
0.0	Haligonia_Temperate_N	207.4936545985986	202.2809736386386
0.0	Haligonia_Tropical_N	232.29697153053053	230.69804933733735
0.0	Hanosaurus	249.7999055465465	249.00948226226228
0.0	Helcura	201.61965348748748	199.51456193793794
0.0	Helveticosaurus	242.16922747647646	241.39230136936933
0.0	Hemilopas	248.62822123123124	242.61916992992994
0.0	Hemiprotosuchus	222.94195922122123	214.25894508408408
0.0	Heptasuchus	232.28352021421424	230.80140337837838
0.0	Herrerasaurus	236.5050256886887	227.10978696396396
0.0	Hescheleria	243.09133626826826	242.31898828028028
0.0	Hesperosuchus	225.75414337537535	202.3264554084084
0.0	Heterodontichnites	233.60122185585584	216.06639029829833
0.0	Heteropelta	245.1718219089089	244.37014564464462
0.0	Himalayasaurus	215.4828038958959	214.27085789489487
0.0	Hispaniasaurus	239.9509297737738	239.13075736236237
0.0	Honghesaurus	244.57377200200202	243.795410002002
0.0	Horaffia	240.0815280890891	236.25342990690692
0.0	Hovasaurus	259.61206676176175	249.8470653663664
0.0	Howesia	245.97746404504505	242.8414583293293
0.0	Hudsonelpidia	218.04342635735736	216.81864422722722
0.0	Hupehsuchus	250.920829014014	237.5563144734735
0.0	Hwiccewyrm	236.52298230230232	227.3004694924925
0.0	Hyloidichnus	256.63030332832835	250.48626482782785
0.0	Hyperodapedon_Temperate_S	236.63178795695694	208.40332572772772
0.0	Hyperodapedon_Tropical_N	234.7312864084084	229.06898046646646
0.0	Hypselorhachis	244.99851505005006	244.15858394894897
0.0	Hypsognathus_Temperate_N	204.93606386086086	203.8860804864865
0.0	Hypsognathus_Tropical_N	233.1435070850851	202.76602475275274
0.0	Hypuronector	220.3697738418418	211.84881623823824
0.0	Icarosaurus	219.48610932232233	218.336213011011
0.0	Ichthyosaurus_Temperate_N	208.47152351451453	199.2853383903904
0.0	Ichthyosaurus_Tropical_N	224.45451559659662	210.1564750870871
0.0	Ichthyotitan	205.54599896096093	204.5776187177177
0.0	Idiosaura	233.73040339139138	232.1588105055055
0.0	Ignotosaurus	232.32340401001002	230.7628858708709
0.0	Incertovenator	231.0330923553554	229.56154201301302
0.0	Ingentia	219.0401688698699	217.74908889389388
0.0	Isfjordosaurus	248.57768817117116	247.748329006006
0.0	Ixalerpeton	236.48188615115117	215.0030833943944
0.0	Jaklapallisaurus	217.77776047247247	216.57098348348347
0.0	Jaxtasuchus	239.82266397597598	236.31345655355355
0.0	Jesairosaurus	245.95855770570572	245.1234035235235
0.0	Jingshanosaurus	201.80112594394393	198.94813213113113
0.0	Jushatyria	244.95653840840842	244.1281917887888
0.0	Kadimakara	251.87692739939942	250.97953873673674
0.0	Kalisuchus	251.65124324924923	251.08316137337337
0.0	Kapes_Temperate_N	251.27249352852854	243.83112585585584
0.0	Kapes_Tropical_N	247.01353375675671	242.61920026826826
0.0	Kayentapus_Temperate_N	201.5509893973974	199.30947210710713
0.0	Kayentapus_Tropical_N	227.98739657857857	199.54684846646646
0.0	Keichousaurus	249.6512336986987	235.88666344144144
0.0	Kholumolumo	227.23790425925927	209.76647045745747
0.0	Kinelia	258.06993554654656	257.9366196816817
0.0	Kintneria	223.60717139339337	210.42407343043044
0.0	Kitchingnathus	249.93687053053057	249.16376224624625
0.0	Kocurypelta	216.43975762162162	215.21787596996998
0.0	Koiloskiosaurus	246.81214133533533	246.0114443263263
0.0	Komlosaurus	201.64397020120123	199.26536104104105
0.0	Krzyzanowskisaurus	235.52682979579578	210.8432736186186
0.0	Kudnu	251.91751192692692	250.75546255055053
0.0	Kuehneosaurus	236.8563531041041	204.14727107307309
0.0	Kuehneosuchus	205.64620591991996	204.59745564064065
0.0	Kuruxuchampsa	231.9103507927928	230.3558740640641
0.0	Kwangsisaurus	250.98928507207205	247.20768465665668
0.0	Labidosaurikos	282.9878161391391	273.0455994314314
0.0	Labidosauriscus	290.7467897407408	282.50154205005003
0.0	Labidosaurus	283.2520303513514	273.09477655755757
0.0	Lagerpeton	242.2559463783784	236.91076428028026
0.0	Lanceirosphenodon	217.3878361991992	216.20062213313312
0.0	Langeronyx	247.52903525725728	239.5798549269269
0.0	Langobardisaurus	216.85599565765767	209.3435746926927
0.0	Lanthaniscus	271.3140821961962	265.6881580600601
0.0	Lanthanolania	267.92870805105105	266.98272832432434
0.0	Lanthanosuchus	263.15194403303303	262.6515898368368
0.0	Laquintasaura	200.88772901701702	199.88643209709707
0.0	Largocephalosaurus	245.13814214714714	243.59678381781782
0.0	Lariosaurus	249.3673528918919	235.97414332432433
0.0	Lasasaurus	250.4591861151151	249.74855130930928
0.0	Lavinipes	201.32373495895897	199.2866850630631
0.0	Lepidus	217.9016969099099	216.58974261861866
0.0	Leptonectes	201.7271108158158	199.38829778878878
0.0	Leptosuchus	227.43872695495494	208.43531635735738
0.0	Lessemsaurus_Temperate_S	227.2916386476476	208.87575385485482
0.0	Lewisuchus	241.74437675075077	229.67015574574575
0.0	Libognathus	217.02795108508508	215.80867486786786
0.0	Liliensternus	225.85686562962962	203.45702517817818
0.0	Lindwurmia	201.03797305205205	200.05240575975978
0.0	Litorosuchus	240.16141797897896	239.28415808808808
0.0	Lophostropheus	205.98539284484482	204.90954663163166
0.0	Lotosaurus	247.38532621921922	242.03669068168168
0.0	Lucasuchus	235.58271852252253	227.44328123023024
0.0	Lucianosaurus	218.6762340880881	217.43779969569567
0.0	Lucianovenator	219.37031868768767	218.15869967167166
0.0	Lufengosaurus	201.68618334334334	199.3224722302302
0.0	Lukousaurus	201.4614574094094	199.32909721621624
0.0	Luopingosaurus	244.77915534734734	243.95232647447446
0.0	Luperosuchus	241.04583093093095	237.45269149049048
0.0	Macgowania	218.84118945345347	211.38855142242244
0.0	Machaeroprosopus	227.33871082982984	201.27046328128125
0.0	Macrocnemus	247.01626250650654	236.20855367067065
0.0	Macrocollum	223.5853144954955	211.84652038038038
0.0	Macroleter_Temperate_N	272.13724090290293	264.47216897998
0.0	Macroleter_Tropical_N	268.1405660530531	267.2623710780781
0.0	Macroplacus	206.82151762662664	205.7545144834835
0.0	Macroplata	201.17606009409408	200.17928694994995
0.0	Maehary	223.68738832632633	214.1132575985986
0.0	Majiashanosaurus	249.14398978378378	248.34161444744745
0.0	Malerisaurus	220.37917253353356	212.0924609299299
0.0	Malutinisuchus	241.12868054854852	236.40055496996996
0.0	Mambawakale	244.53561624024024	243.73948357757757
0.0	Mandaphon	245.20278427827827	244.42026206906905
0.0	Mandasuchus	247.08475022822824	242.08338510710712
0.0	Marasuchus	242.6535183843844	236.23690322622622
0.0	Marcianosuchus	246.2797182122122	245.51922027727727
0.0	Massospondylus	233.89582171471469	232.47442409609607
0.0	Mbiresaurus	235.80247536736738	228.0574376056056
0.0	Megachirella	243.77334015915915	243.0085989229229
0.0	Megalancosaurus	217.1104468178178	209.40348625025024
0.0	Megalosauripus	201.08874704604605	200.10826768868867
0.0	Megalosaurus	204.4084225005005	203.38348626726727
0.0	Megapnosaurus	200.7614085925926	199.79772451951953
0.0	Mehliella	234.3856428908909	232.90312730030033
0.0	Melanorosaurus	218.463173006006	217.29837512512512
0.0	Merriamosaurus	248.52010911911913	247.76750787887886
0.0	Mesodapedon	244.3165717677678	243.55705589889888
0.0	Mesosaurus_Antarctic	290.98423707607606	282.2661776336336
0.0	Mesosaurus_Temperate_S	290.6810728718719	283.1701098458459
0.0	Mesosuchus	247.1609389039039	242.1142509229229
0.0	Metamosaurus	286.5522945535535	286.2025891561561
0.0	Metashastasaurus	222.5356462172172	210.880586956957
0.0	Microcnemus_Temperate_N	251.87849763863866	247.09857466066063
0.0	Microleter	286.56345274574574	286.186072003003
0.0	Micromenodon	230.13013356956958	228.68350281681683
0.0	Microsphenodon	223.43905975675676	213.06952147647647
0.0	Mikadocephalus_Temperate_N	239.04311547047044	238.16587080180182
0.0	Mikadocephalus_Tropical_N	243.13971104004003	242.28597444744744
0.0	Milleretta	260.40344232632634	250.08824574674674
0.0	Millerinoides	255.34427273673674	255.21167271871872
0.0	Milleropsis	259.78612029729726	250.55222369869873
0.0	Millerosaurus	259.0238052772773	252.06156586586587
0.0	Miodentosaurus	235.0831052042042	229.0785408208208
0.0	Mixosaurus	247.17678901201202	237.2878634934935
0.0	Moradisaurus	256.983916991992	250.18791932632632
0.0	Mystriosuchus_Temperate_N	226.2204430780781	199.256608998999
0.0	Mystriosuchus_Tropical_N	216.9549248868869	209.6927992842843
0.0	Nambalia	222.7678217917918	210.43190946246244
0.0	Nanchangosaurus	249.30173001601602	239.6638204124124
0.0	Nanoparia	258.626872001001	255.22661724724722
0.0	Neoaetosauroides	226.75451411511511	209.0050634044044
0.0	Neoprocolophon	244.68150372572572	243.8435345185185
0.0	Neusticosaurus	246.44927177077076	236.23611915815817
0.0	Nhandumirim	223.03261523923925	213.64614230730731
0.0	Nicrosaurus_Temperate_N	226.32334940040042	209.26889533133132
0.0	Nicrosaurus_Tropical_N	219.99582116516518	218.7587254194194
0.0	Nochelesaurus	264.38412594194193	259.89384994794796
0.0	Notatesseraeraptor	217.81992185685684	216.5458793083083
0.0	Noteosuchus	251.66502952252253	251.08771154354355
0.0	Nothosaurus_Temperate_N	247.47416545145143	203.83467453253252
0.0	Nothosaurus_Tropical_N	246.4123242772773	236.05208438038036
0.0	Nothosaurus_Tropical_S	248.73797743943945	238.52582564864863
0.0	Nundasuchus	245.96768387687686	245.12726715215217
0.0	Nyasasaurus	247.0243795755756	242.8334037077077
0.0	Nycteroleter	270.5002304174174	265.7113959729729
0.0	Nyctiboetus	280.3990385175175	268.30389955255254
0.0	Nyctiphruretus	273.9285994164164	260.2529386486487
0.0	Obirkovia	262.58377067467467	257.7017326366366
0.0	Odontochelys	232.34534483183182	227.671943013013
0.0	Omphalosaurus_Temperate_N	249.3137228078078	237.0371817767768
0.0	Omphalosaurus_Tropical_N	249.30011537137136	237.61576323123123
0.0	Opisthodontosaurus	291.018049947948	283.0302797567567
0.0	Orenburgia	251.07250817617617	247.13757096996997
0.0	Orovenator	288.49463825725724	283.12758136636637
0.0	Oryctorhynchus	235.22303677877875	230.02079209909908
0.0	Oryporan	250.92498620320322	247.98077345245247
0.0	Osmolskina	249.6429883913914	248.8533322672673
0.0	Otozoum	216.71355375975975	215.48027425525524
0.0	Owenetta	260.43800191091094	248.02042024224224
0.0	Ozimek	233.05024254154156	228.03150674174174
0.0	Pachypes	253.3064924034034	253.19209615615617
0.0	Pachypleurosaurus	243.4390427357357	236.51956236336335
0.0	Pachystropheus	207.98189192892892	201.89476729329328
0.0	Palacrodon_Temperate_S	250.23542679679682	243.6169222912913
0.0	Palacrodon_Tropical_N	219.81278054754753	210.3123523953954
0.0	Palaeagama	252.84713823223223	252.6260746996997
0.0	Palaeochersis	224.74206618318317	213.57773327827826
0.0	Palaeosaurus	232.1980856876877	230.63822308908908
0.0	Palatodonta	245.2433317997998	244.43940175775776
0.0	Paleollanosaurus_Temperate_N	205.06733554254254	204.00354718118118
0.0	Paleollanosaurus_Tropical_S	216.2706411001001	214.98889496696694
0.0	Paliguana	249.16640472572573	248.41693373573574
0.0	Pamelaria	246.865354968969	241.97595013013014
0.0	Pamelina	249.474606994995	248.6937787777778
0.0	Pampadromaeus	233.77111973173174	215.00103101901902
0.0	Panguraptor	200.71222937937938	199.76585220720722
0.0	Panphagia	231.4625060870871	229.8004880990991
0.0	Pantydraco	233.8162770740741	232.36734457957957
0.0	Panzhousaurus	244.60035316016018	243.75994234634638
0.0	Pappochelys	239.17778460260263	238.40572307907905
0.0	Parabrontopodus_Temperate_N	201.58114691991992	199.30871645045045
0.0	Parahupehsuchus	248.2443582002002	247.46882105505506
0.0	Paralonectes	251.13022194994997	239.25943183083083
0.0	Paraplacodus	247.6328801751752	236.55412051351354
0.0	Pararcus	245.02950638838837	244.20692532332333
0.0	Parasaurus	260.02566464164164	254.3618948098098
0.0	Parasuchus_Temperate_N	251.09250872272273	227.19677412712713
0.0	Parasuchus_Temperate_S	235.69477701401402	229.42945135035035
0.0	Parasuchus_Tropical_N	235.9752430740741	218.08493976576577
0.0	Parasuchus_Tropical_S	225.13502533333335	215.85249437137136
0.0	Paratypothorax_Temperate_N	225.80212493093094	210.54767817917914
0.0	Paratypothorax_Tropical_N	226.8721616076076	208.9833325045045
0.0	Paratypothorax_Tropical_S	220.19141980980982	218.96806386986987
0.0	Pareiasaurus	265.0987725325325	251.25835215715716
0.0	Pareiasuchus	264.1346106716717	253.8513026936937
0.0	Parringtonia	244.50923256856856	243.72841889089088
0.0	Partanosaurus	239.76422186686688	238.9431682892893
0.0	Parvinatator	245.6125263403403	244.8375511171171
0.0	Parvosuchus	239.51194959059058	238.68486042942945
0.0	Pectodens	244.75343349349347	243.984036003003
0.0	Pelecymala	235.35389095995998	227.73418047047048
0.0	Pendraig	232.6433241101101	231.033296988989
0.0	Pentaedrusaurus	247.125282992993	246.33675356456456
0.0	Permotriturus	264.43680708308307	263.7754500900901
0.0	Pessopteryx	249.06186735335336	243.45149950350353
0.0	Peteinosaurus	216.0133307957958	213.28929067067065
0.0	Phaanthosaurus	251.92046679379382	251.04984796696695
0.0	Phalarodon_Temperate_N	251.35217715215214	240.90877022222222
0.0	Phalarodon_Tropical_N	246.39153362062063	239.5831011841842
0.0	Phantomosaurus	244.6224447957958	243.81467852652654
0.0	Phonodus	251.61008251051052	251.06132367667666
0.0	Pisanosaurus	232.61161692392395	230.9542086896897
0.0	Pistosaurus	246.48907153553552	236.672981981982
0.0	Placochelys	236.53473589389387	214.25699275075075
0.0	Placodus_Temperate_N	247.01078901901903	236.6422164934935
0.0	Placodus_Tropical_N	245.93664660760763	243.11868303403404
0.0	Placodus_Tropical_S	248.14325654454453	238.8280107087087
0.0	Planocephalosaurus_Temperate_N	237.34714544144143	202.47256972272274
0.0	Planocephalosaurus_Tropical_S	215.77910363163167	214.5667631021021
0.0	Plateosauravus	225.5106472902903	210.4054987897898
0.0	Plateosaurus_Temperate_N	227.10281739239238	200.16520279979983
0.0	Plateosaurus_Temperate_S	224.60371825225224	210.640120007007
0.0	Platypterna	219.59598305105104	198.4420131911912
0.0	Plectropterna	201.67396368668668	199.2469383033033
0.0	Plesiornis	201.0941269189189	200.1075461941942
0.0	Plesiosaurus	208.29713928528528	199.58119096296295
0.0	Polesinesuchus	233.24091932832832	231.68884271971973
0.0	Polonosuchus	230.03952291391394	228.3769144654655
0.0	Polymorphodon	239.17058492692692	238.3828934004004
0.0	Poposaurus	235.86566296296297	203.346685998999
0.0	Postosuchus	232.6917229389389	201.7619813173173
0.0	Powellvenator	219.94708214614616	218.65626825025026
0.0	Pravusuchus	217.79900874574574	216.57576066666664
0.0	Preondactylus	216.01035708508505	210.46860950050052
0.0	Prestosuchus	242.11633722822825	231.32631447247246
0.0	Procerosuchus	240.05676069469467	239.2510127867868
0.0	Procolina	249.65237118118117	248.88393676776778
0.0	Procolophon	251.86637761561562	247.00891444644645
0.0	Procolophonichnium_Temperate_N	246.1221692822823	242.8675855025025
0.0	Procolophonichnium_Temperate_S	250.10213953453453	249.3596782112112
0.0	Procompsognathus	215.35483442642644	214.14310933333334
0.0	Proganochelys_Temperate_N	226.43495046746747	202.99058574474478
0.0	Proganochelys_Tropical_N	216.7655108888889	215.50120790490493
0.0	Prolacerta	251.82731095795793	247.40161990490492
0.0	Prolacertoides	251.7459892192192	251.267733991992
0.0	Prosantosaurus	241.19313647947948	240.44800998098097
0.0	Prosaurosphargis	248.2929505015015	247.51092939239237
0.0	Protanystropheus	246.66224173973976	243.17065514314314
0.0	Protecovasaurus	225.16250646746744	211.3785766816817
0.0	Protenodontosaurus	235.66318503403403	234.29260707707707
0.0	Proteosaurus	201.53287062262265	199.465305998999
0.0	Proterochampsa	232.0362444214214	230.50223775175175
0.0	Proterochersis	224.59779114214214	210.60044295395394
0.0	Proterosuchus_Temperate_N	251.85863658058057	250.99654412312313
0.0	Proterosuchus_Temperate_S	251.8568067997998	247.07398741941938
0.0	Protoavis	225.6052726016016	211.3343336876877
0.0	Protocaptorhinus	290.1849891311311	282.34896850550547
0.0	Protoichthyosaurus	201.21559690690688	200.21251896896896
0.0	Protome	214.66650128028027	213.43647618018016
0.0	Protorosaurus	260.4662768028028	253.92449474874874
0.0	Protorothyris	299.30154919219217	293.3308765015015
0.0	Protosuchus	206.85846439039037	199.1787774164164
0.0	Provelosaurus	267.26686059459456	262.7839805385386
0.0	Psephochelys	230.54700004604607	228.90999552352355
0.0	Psephoderma_Temperate_N	207.87919914614616	201.60140220820819
0.0	Psephoderma_Tropical_N	216.75687375475474	212.96379061061063
0.0	Psephoderma_Tropical_S	244.1434922162162	240.83737057657657
0.0	Psephosauriscus	246.70209561961963	238.55183595495498
0.0	Psephosaurus_Temperate_N	238.63364767867867	237.63240084884885
0.0	Psephosaurus_Tropical_S	245.93091169769772	241.47232011611612
0.0	Pseudhesperosuchus	217.9511604944945	216.69960504504505
0.0	Pseudochampsa	231.69623894294293	229.99070027527526
0.0	Pseudotetrasauropus_Temperate_N	217.16391012212213	215.89420541841844
0.0	Pseudotetrasauropus_Tropical_N	224.71831594594596	201.99263253953956
0.0	Pterodactylus	200.65363054754755	199.62589840840837
0.0	Pumiliopareia	257.1261699009009	257.0108877867868
0.0	Qianichthyosaurus	239.68180468968967	227.59906878478478
0.0	Qianosuchus	244.96154548048048	243.4227716276276
0.0	Qianxisaurus	239.8102076976977	238.98155566066066
0.0	Quasianosteosaurus	248.54024136536538	247.761990977978
0.0	Raeticodactylus	208.93767470070068	207.8694601281281
0.0	Rautiania	264.3202219279279	258.91832872972975
0.0	Redondasuchus	222.7945707107107	210.15649007407404
0.0	Redondavenator	219.05644721321323	217.84509283483482
0.0	Revueltosaurus	233.60226851451452	208.2555677057057
0.0	Rhaeticosaurus	206.466825	205.3957292082082
0.0	Rhipaeosaurus	267.58468266766766	261.0948413543544
0.0	Rhomaleosaurus	205.92402155455454	199.10406663163164
0.0	Rhombopholis	246.39132754054052	240.36945947647646
0.0	Rioarribasuchus	224.35226377477477	209.61345323923928
0.0	Riojasaurus	222.6031089149149	212.65952541741743
0.0	Riojasuchus	216.67276938138139	215.4237084984985
0.0	Romeria	297.07145648148145	295.4614475475476
0.0	Rothianiscus	272.3252698148148	264.6221441681681
0.0	Rotodactylus	218.9061672922923	217.63708094694692
0.0	Ruehleia	223.54066464964964	214.46865103703703
0.0	Rugarhynchos	217.75918702402402	216.51888304004004
0.0	Ruhuhuaria	244.1047670770771	243.28270636036038
0.0	Rutiodon	233.29874901901903	208.5443955905906
0.0	Sacisaurus	220.53513815115113	219.26289942842843
0.0	Saltoposuchus	220.07030877577577	211.8018237867868
0.0	Sanchiaosaurus	244.44447946146147	243.65711358058056
0.0	Sanchuansaurus	253.15443845945947	253.00646404804806
0.0	Sanjuansaurus	231.24626932732733	229.75365056556555
0.0	Santaisaurus	251.89512176876877	250.89211986586585
0.0	Sarcosaurus	200.93796693693693	199.94153224924926
0.0	Sarmatosuchus	245.32219742042042	244.50594492392392
0.0	Saturnalia	234.8015992042042	216.84363466566566
0.0	Saurischichnus	225.48162093393395	210.04328760460461
0.0	Saurodektes	251.90394006206205	248.9799214314314
0.0	Sauropareion	251.60180921821825	247.32631444444445
0.0	Sauropus	201.12260241141144	200.17230602102103
0.0	Saurorictus	257.2025892972973	257.09601988888886
0.0	Saurosternon	256.46192002502505	256.3113237077077
0.0	Saurosuchus	233.4071671741742	231.93076392292292
0.0	Scelidosaurus	200.93748560960964	199.96841848548547
0.0	Scharschengia	248.5331326916917	247.69419328228227
0.0	Schleitheimia	216.91223802402402	215.63227484584584
0.0	Sclerocormus	248.4920462902903	247.687558967968
0.0	Sclerosaurus	247.538200977978	243.58278133033033
0.0	Sclerostropheus	219.66204766966968	218.3970875645646
0.0	Scoloparia_Temperate_N	205.23383017317317	204.19120044144142
0.0	Scoloparia_Tropical_N	235.03809331931927	229.0501143093093
0.0	Scolotosuchus	249.5086758968969	248.7984316736737
0.0	Scutarx	226.16049190590593	209.4531107077077
0.0	Scutosaurus	265.28011012112114	256.8621596706707
0.0	Scythosuchus	249.77377541641638	249.01341465065065
0.0	Seazzadactylus	220.28548026726727	218.99168144944946
0.0	Selenichnus	201.58397803903904	199.17677316416416
0.0	Serpianosaurus	246.70119044744746	236.94282594494496
0.0	Shansisuchus	247.39629875175177	241.87771308208212
0.0	Shastasaurus_Temperate_N	215.30862015715715	214.12585952852854
0.0	Shastasaurus_Tropical_S	236.7721604084084	228.29149131331332
0.0	Shihtienfenia	254.2363785095095	250.30123725225224
0.0	Shonisaurus_Temperate_N	233.0418295955956	201.56524548048046
0.0	Shonisaurus_Tropical_N	225.94741876876878	217.23006132132133
0.0	Shringasaurus	247.06034642042042	241.78584071971972
0.0	Shuangbaisaurus	200.85420784584585	199.8884851861862
0.0	Shuvosaurus	227.1355011091091	201.62747904804803
0.0	Sigmala	236.52022626226224	227.66073533233234
0.0	Sikannisuchus	226.3228300990991	211.29826944744747
0.0	Silesaurus	230.82219715115116	229.3174891901902
0.0	Sillosuchus	232.752750986987	231.2448304144144
0.0	Simosaurus_Temperate_N	243.50135492092093	203.36145401201202
0.0	Simosaurus_Tropical_S	243.11817955155155	242.3317156936937
0.0	Sinocyamodus	231.40565814214213	229.78449954354355
0.0	Sinosaurosphargis	244.96292614614612	243.414006987988
0.0	Sinosaurus	201.69768114714716	199.43176252252252
0.0	Skybalonyx	218.73433409709708	217.5738526956957
0.0	Smilodonterpeton	205.5885833653654	204.56471876076077
0.0	Smilosuchus	232.6588702122122	208.6467479199199
0.0	Sophineta	249.5477072122122	248.8052871011011
0.0	Soturnia	223.45080061961963	210.32818059659658
0.0	Soumyasaurus	217.95903368668667	216.7192574724725
0.0	Sphenotitan	224.39941235935933	211.83319236036036
0.0	Sphodrosaurus	217.77090604804806	216.62026305505506
0.0	Spinosuchus	232.39821661861862	215.2232803703704
0.0	Spondylolestes	256.90810147947946	252.57992573973974
0.0	Spondylosoma	241.73047507607606	236.56342836336339
0.0	Stagonolepis_Temperate_N	233.15714278378377	227.79037802602602
0.0	Stagonolepis_Tropical_N	225.07310227127127	209.73569914514513
0.0	Stagonolepis_Tropical_S	217.40262243843844	216.20576611211212
0.0	Stagonosuchus	247.17362585385385	242.46469182082083
0.0	Staurikosaurus	234.58808852852854	232.98572723723723
0.0	Stauromatodon	238.28890410910913	237.2231769049049
0.0	Stegomus	223.52470716816816	212.08836614314316
0.0	Stenaulorhynchus	246.89824050250252	241.9393553333333
0.0	Stenomyti	220.32041634634635	218.99729468368366
0.0	Stenoscelida	217.78691569769768	216.55981702102105
0.0	Stereosternum_Antarctic	286.9655687747748	286.3419746736737
0.0	Stereosternum_Temperate_S	291.1030702342343	282.7840907467467
0.0	Styracocephalus	264.61095590290296	259.61314068668673
0.0	Syntarsus	205.5993946216216	204.5765783913914
0.0	Syntomiprosopus	221.7704941921922	220.50533000900901
0.0	Tachiraptor	201.13797093393393	200.14669736636637
0.0	Tanaisosaurus	249.66453176076078	248.91298567367366
0.0	Tanystropheus_Temperate_N	246.94229918218218	201.78875893493495
0.0	Tanystropheus_Tropical_N	245.8780223613614	236.56922673673674
0.0	Tanystropheus_Tropical_S	245.73668275375377	242.5497297137137
0.0	Tanytrachelos	225.65881780680684	209.30499506706707
0.0	Tarjadia	241.63396045145146	236.02158725725724
0.0	Tarsodactylus	200.950183006006	199.96883496496494
0.0	Tasmaniosaurus	251.88810137037038	250.79586154854854
0.0	Tawa	227.1460502892893	208.77628047747748
0.0	Taytalura	231.01230244444446	229.41628206806809
0.0	Technosaurus	216.35348289189187	215.15861035835835
0.0	Tecovasaurus	225.0157240960961	210.86610372672672
0.0	Tecovasuchus	226.32570563763764	210.20356388988992
0.0	Teleocrater	247.04287553953952	241.7197433883884
0.0	Temnodontosaurus	201.49504893693694	199.514160951952
0.0	Teraterpeton	235.01396642642644	228.66452272872874
0.0	Teratophon	246.37584171871873	241.99863144944942
0.0	Teratosaurus_Temperate_N	243.80118223623623	217.1566168018018
0.0	Teratosaurus_Temperate_S	250.695383006006	249.9602097267267
0.0	Termatosaurus	208.75876624424427	201.83264215515513
0.0	Terrestrisuchus	236.45493570070067	228.47950684084083
0.0	Tetrasauropus_Temperate_N	220.0870234144144	218.84360954654653
0.0	Tetrasauropus_Temperate_S	245.17275382282284	237.3344852052052
0.0	Teyujagua	249.6823445785786	248.8931684984985
0.0	Teyumbaita	223.62145073873876	208.86363073973976
0.0	Thadeosaurus	256.6445287317317	256.5003770910911
0.0	Thaisaurus	248.38179645345346	247.57333716516516
0.0	Thalassiodracon	208.44065154254253	199.00360613713715
0.0	Thalattoarchon	244.67221804104102	243.92379643843844
0.0	Thalattosaurus	245.61351205805806	239.7151140820821
0.0	Thecodontosaurus	243.80513027127125	200.69972887787787
0.0	Theledectes	244.70059515315316	243.90454463963962
0.0	Thelephon	245.10662124224226	244.29484295195198
0.0	Thelerpeton	246.7467124914915	242.6897198658659
0.0	Tholodus_Temperate_N	247.02829492092093	242.17430815015013
0.0	Tholodus_Tropical_N	243.81503526526524	243.03122372372374
0.0	Thuringothyris	291.2895015225225	282.25485975475476
0.0	Tichvinskia	250.97143996596594	247.0531983533534
0.0	Ticinosuchus	246.3744262732733	242.49535319119119
0.0	Tikisuchus	232.8602374914915	231.2707045905906
0.0	Timanophon	250.8075547157157	247.04339283683683
0.0	Toretocnemus	235.16078208108107	228.3234466966967
0.0	Trachelosaurus	246.75391765565567	245.99471493393392
0.0	Trialestes	235.41100715815816	227.91322304804805
0.0	Tricuspisaurus	204.9572997197197	203.95088551751752
0.0	Trihamus	200.96608173973974	199.9647738938939
0.0	Trilophosaurus	233.31188441841843	208.66917135335336
0.0	Tropidosuchus	242.29733248148148	236.31517546346345
0.0	Tuebingosaurus	217.1887078918919	216.05470538638642
0.0	Turfanosuchus	245.8351406266266	245.05953785085086
0.0	Typothorax	227.3496711941942	202.03287238438435
0.0	Uatchitodon	234.17738168868866	213.4765165245245
0.0	Unaysaurus	220.54786337137136	213.08671267567567
0.0	Unguinychus	216.2550754884885	215.0529978978979
0.0	Uralosaurus	246.25479105105103	242.6510909129129
0.0	Utatsusaurus	250.969816004004	247.13643554454455
0.0	Vallesaurus	216.55606076576578	212.95392436236236
0.0	Vancleavea	234.1166258848849	202.48156118818818
0.0	Variodens	208.23086285885887	201.47482143443443
0.0	Vellbergia	238.52306962362363	237.46305337037037
0.0	Velocipes	219.9570843893894	218.66675438038038
0.0	Venaticosuchus	231.80240305505504	230.25159316316316
0.0	Venetoraptor	233.9958576116116	214.4934195765766
0.0	Vinitasaura	232.95361469369368	231.3964170970971
0.0	Vivaron	224.27702367267267	209.55978903803805
0.0	Vjushkovisaurus	246.44906258758758	242.1659468918919
0.0	Volcanosuchus	231.36418883183185	229.7662325835836
0.0	Vonhuenia	251.67317473173173	251.1390029029029
0.0	Vritramimosaurus	249.92093754354357	249.20529063663662
0.0	Vytshegdosuchus	249.89716582582582	249.16939242542543
0.0	Wahlisaurus	200.72561317217216	199.75133854654652
0.0	Waluchelys	218.67068233533536	217.34689046446448
0.0	Wangosaurus	240.2382569019019	235.7539774184184
0.0	Wannia	220.7776048918919	213.83289441641642
0.0	Wapitisaurus	250.2131051791792	249.45075516216218
0.0	Weigeltisaurus	260.32861575775775	254.06643588588588
0.0	Whitakersaurus	205.53021771871872	204.4495275095095
0.0	Wimanius	241.8679291801802	241.12196126026024
0.0	Wumengosaurus	246.86741521821824	242.18237493093093
0.0	Xenodiphyodon	232.60355969369368	231.1144839309309
0.0	Xilousuchus	245.12103272672672	244.29353251051052
0.0	Xingxiulong	200.91372244944944	199.9084080880881
0.0	Xinminosaurus	244.40705452252254	243.61752965765766
0.0	Xinpusaurus	240.3736442702703	227.28854063163163
0.0	Xiphopeza	200.86534048048048	199.93520113413416
0.0	Yarasuchus	247.2852261711712	241.81663894694694
0.0	Yelaphomte	218.59982943943945	217.34822722122124
0.0	Yimenosaurus	201.50517807807807	199.3010256026026
0.0	Youngetta	249.6670916686687	248.95019263463465
0.0	Youngina	260.6307969279279	250.16506783383383
0.0	Youngosuchus	245.70976685085085	244.91791692892892
0.0	Yunguisaurus	241.41563714814816	236.04685603203205
0.0	Yunnanosaurus	201.50125218818818	199.3311214954955
0.0	Zanclodon	242.0645514194194	202.76422443643645
0.0	Zhongjiania	259.57518885985985	254.36606873673674
0.0	Zupaysaurus	215.6351628958959	214.4845437157157
