clade	species	ts	te
0.0	1.0	277.3805066683558	258.1497634227688
0.0	2.0	257.28014214476565	256.95982048926396
0.0	3.0	235.93449182863853	228.0777043631389
0.0	4.0	219.3085681749121	218.0718746146586
0.0	5.0	259.7961581833166	252.0240031264621
0.0	6.0	272.0523754363308	253.85146627137385
0.0	7.0	244.46344684768368	244.0740704917808
0.0	8.0	303.3983774559826	290.5402422069349
0.0	9.0	258.3112618589647	254.70550995822424
0.0	10.0	220.6271028613917	219.41695009263023
0.0	11.0	245.17042423082285	226.42927971796314
0.0	12.0	262.6807796692997	261.85931507146154
0.0	13.0	276.4747247675929	275.43301542191483
0.0	14.0	262.2809638544478	261.55423634314997
0.0	15.0	264.2585009819436	260.1129918267171
0.0	16.0	264.2286605268374	260.299066217171
0.0	17.0	257.5573903656446	257.15490399487635
0.0	18.0	259.78921744265665	253.24402280759332
0.0	19.0	272.45311133223976	264.7340596092877
0.0	20.0	218.05602903014636	216.89992431684627
0.0	21.0	245.6973002962281	217.5343225951415
0.0	22.0	280.4517979783705	265.41200156636586
0.0	23.0	244.78238926717157	244.3905406928505
0.0	24.0	264.6417960464836	257.015397876493
0.0	25.0	262.36646489984156	261.56959891325744
0.0	26.0	265.82409786147036	265.0381679840784
0.0	27.0	246.87494838874593	242.9398576722884
0.0	28.0	264.4719334124653	263.6177384582074
0.0	29.0	264.39448604620276	259.5817503015988
0.0	30.0	291.97572907396705	291.0858759188979
0.0	31.0	265.49562009690004	264.7205830310565
0.0	32.0	309.3174698812121	307.55142477810983
0.0	33.0	302.84393987158285	302.0105652441713
0.0	34.0	259.8662694713424	252.9912913061383
0.0	35.0	260.11807816149627	254.0260540913718
0.0	36.0	234.3271123529253	227.5015885865684
0.0	37.0	286.647990161912	285.89780146972436
0.0	38.0	259.78544881084053	252.48174537248732
0.0	39.0	257.1127649939213	256.8119608593917
0.0	40.0	263.59626956175913	260.58405648381444
0.0	41.0	266.08214165054665	265.2606525140957
0.0	42.0	261.5174726531759	260.76160381152596
0.0	43.0	302.2211234152743	293.4157679028978
0.0	44.0	260.25764672925544	252.51538468910888
0.0	45.0	247.73011120105846	242.26612538397063
0.0	46.0	249.22174340252144	248.9699312730143
0.0	47.0	265.92353890719	265.0959349585164
0.0	48.0	273.35750984570615	264.01100334976803
0.0	49.0	273.10244811165296	266.5611529973932
0.0	50.0	258.8336838456499	258.38905803634873
0.0	51.0	301.65502676425575	300.57659865409727
0.0	52.0	204.56689801578668	203.7279963545995
0.0	53.0	245.39628930900352	245.02514683335767
0.0	54.0	241.07526041551034	232.2948843434758
0.0	55.0	236.6694902755536	213.36539058945607
0.0	56.0	217.2561625058484	216.0473063862515
0.0	57.0	265.5092744039146	259.9922756610636
0.0	58.0	207.95472823107	202.43714098382006
0.0	59.0	228.04525553901732	209.82162146339846
0.0	60.0	226.2687376168833	208.57141681954852
0.0	61.0	258.6507231274958	252.49534606271982
0.0	62.0	260.115007299891	254.33185827251987
0.0	63.0	264.3697344194541	263.59629547270197
0.0	64.0	256.10900865009717	255.83006285717818
0.0	65.0	297.03210602023614	295.9672356526927
0.0	66.0	287.17437283893076	286.4068087231991
0.0	67.0	239.37565505064106	239.14274587024576
0.0	68.0	255.48577736644233	255.2111155949617
0.0	69.0	283.78407912610254	272.9485994027348
0.0	70.0	278.7803177249969	269.50196745809507
0.0	71.0	280.8893131012707	271.6469986265239
0.0	72.0	267.05533685542537	266.05960400066294
0.0	73.0	256.0172117829077	255.74612742254405
0.0	74.0	255.66085275578376	255.3846200186519
0.0	75.0	205.01635380746973	204.11964319912582
0.0	76.0	223.59698810277646	211.62868643487005
0.0	77.0	256.16355754934324	255.87578294666235
0.0	78.0	219.3040332008899	217.97647844960053
0.0	79.0	242.28684547346603	222.1169421765975
0.0	80.0	269.16844753751167	256.6360141934516
0.0	81.0	266.0545406412207	265.2072518391218
0.0	82.0	263.1044513224194	259.3283123524984
0.0	83.0	257.421268726334	257.1130899516062
0.0	84.0	259.72475938372344	254.10743168296275
0.0	85.0	245.7465374968258	245.3709675763436
0.0	86.0	260.0141853707682	252.65626373341277
0.0	87.0	306.30450172448	278.233108370094
0.0	88.0	264.13992054380384	252.25692789311117
0.0	89.0	259.4447507925932	252.4163487548849
0.0	90.0	283.21406189976295	265.3784963883864
0.0	91.0	249.7931833629254	249.53141314551848
0.0	92.0	247.22111358504026	234.45880671068215
0.0	93.0	263.8507254464544	260.05336473328913
0.0	94.0	245.8004335301408	245.45369968591783
0.0	95.0	258.8302615911078	254.51436416338387
0.0	96.0	298.41851150685966	297.43176385651526
0.0	97.0	288.06794003984317	287.30276403548356
0.0	98.0	293.91110760101793	285.0690481923055
0.0	99.0	297.0602501582377	288.8786697222665
0.0	100.0	264.31127651046637	259.7599016438724
0.0	101.0	257.468186739469	257.1545117001764
0.0	102.0	247.11980357137722	230.21038196152764
0.0	103.0	259.87272778586276	252.8182909732581
0.0	104.0	259.94497894650505	251.92100905211294
0.0	105.0	240.0196710654052	228.5890998098181
0.0	106.0	253.0885858288857	252.8260531641367
0.0	107.0	263.6412254447353	252.00505795356125
0.0	108.0	255.4931885137698	255.21814264918706
0.0	109.0	299.4819978376948	298.36324203037117
0.0	110.0	271.2801302071483	270.1668940377645
0.0	111.0	223.7716476732435	222.51120712625982
0.0	112.0	259.5121493263744	257.23855305855125
0.0	113.0	262.9501816370858	262.1246251766649
0.0	114.0	266.7152639732581	260.12321955747814
0.0	115.0	247.09275746511761	230.49973730005956
0.0	116.0	266.02384648053345	258.37456914700164
0.0	117.0	290.98818088257167	236.02916409296736
0.0	118.0	247.154105466185	246.84002441545414
0.0	119.0	259.0890008646502	236.7823629688311
0.0	120.0	259.9927000666637	248.8522602324071
0.0	121.0	232.529552062349	230.93692960174835
0.0	122.0	260.01594409315834	252.41335277036822
0.0	123.0	253.10956238958863	252.8461487254239
0.0	124.0	267.4139549985169	252.45338610711357
0.0	125.0	257.60062748030873	257.30870261798447
0.0	126.0	282.99436641710577	269.86333386930187
0.0	127.0	298.93217663565883	263.4607417470533
0.0	128.0	260.13282886171754	249.21974960907426
0.0	129.0	242.09546056864684	232.64154736484682
0.0	130.0	259.9059648733581	252.43032591263943
0.0	131.0	266.882806185519	264.13321506767494
0.0	132.0	245.18916592061706	244.78072396344905
0.0	133.0	252.28802312674298	249.3066860755177
0.0	134.0	275.32321364011955	274.2827756587715
0.0	135.0	215.29359564891743	214.1714522174856
0.0	136.0	262.96544705288824	258.7570305316913
0.0	137.0	230.63094181050351	229.12056734540835
0.0	138.0	303.2503477797279	268.96702239258866
0.0	139.0	302.36290799649436	301.46721972240135
0.0	140.0	239.1059136276587	238.8293101347543
0.0	141.0	262.0721446830863	261.2669180787087
0.0	142.0	263.7713109206171	257.9928632331824
0.0	143.0	257.9330363323071	257.6365571688895
0.0	144.0	268.4449036623333	253.5641690067978
0.0	145.0	257.8907349182238	254.99073159562468
0.0	146.0	256.79671152810704	256.5177275752424
0.0	147.0	258.60860569434493	255.04717615176577
0.0	148.0	271.04562323687907	253.3669139464376
0.0	149.0	259.7142440501354	252.26750071487317
0.0	150.0	272.171434072675	264.9648781163946
0.0	151.0	263.70433213010256	262.9657638646389
0.0	152.0	302.7283823494309	301.8645640267756
0.0	153.0	271.1823684426229	261.2863040005618
0.0	154.0	205.34823274735672	204.49841207352893
0.0	155.0	264.0128459753593	256.6339672802616
0.0	156.0	287.1242671718334	286.41221858033236
0.0	157.0	208.06177458190538	203.23218532853173
0.0	158.0	251.1111581604175	248.96336877590758
0.0	159.0	264.76011385677367	254.3532110655738
0.0	160.0	270.54009868009757	264.1351742297666
0.0	161.0	233.10569973135654	231.63209300670792
0.0	162.0	257.43149988179647	257.1422413295543
0.0	163.0	257.05525224880057	256.75011366064786
0.0	164.0	279.6077242341375	278.6424350400454
0.0	165.0	240.79519330372253	208.63170410065283
0.0	166.0	245.03252789180775	244.6192157425477
0.0	167.0	205.09905268455822	204.1920494656794
0.0	168.0	263.58666418490094	260.4515164369712
0.0	169.0	263.5265461344847	256.01153706594454
0.0	170.0	252.11023733938583	247.3175461741143
0.0	171.0	217.4112745234553	202.08104519585612
0.0	172.0	253.46208786214456	253.19751624239598
0.0	173.0	258.2548329200665	255.28514340127415
0.0	174.0	266.47523405478717	259.92611990447085
0.0	175.0	280.8828680370004	279.95261293139254
0.0	176.0	228.8823673403858	213.60855674579486
0.0	177.0	233.29170195397703	231.73669473453631
0.0	178.0	254.0465042922842	251.87719261468106
0.0	179.0	279.69126518972126	269.686553257958
0.0	180.0	264.08277361795075	253.47781894399938
0.0	181.0	261.97322671772713	261.17099625247477
0.0	182.0	263.54727206774237	260.6094431418668
0.0	183.0	204.35516805221405	203.4539004260048
0.0	184.0	204.90991448007284	204.02500928437394
0.0	185.0	206.83630631879007	205.9010558967629
0.0	186.0	305.4398789678424	285.0086531825863
0.0	187.0	207.12533366598498	202.81947518646274
0.0	188.0	248.0330344678367	247.7456624606119
0.0	189.0	261.97714800169666	261.22767052121935
0.0	190.0	205.22353490710012	204.3596085055899
0.0	191.0	259.31836331901485	255.32481736859967
0.0	192.0	264.3165451921033	260.6837265333543
0.0	193.0	259.52567528763245	254.49764726940754
0.0	194.0	258.9230397669412	252.42505216870975
0.0	195.0	256.5746751132147	256.27903705404555
0.0	196.0	262.7040234923201	261.88705597226937
0.0	197.0	295.9159458861448	294.8589881687322
0.0	198.0	204.93260931184625	204.01734098899985
0.0	199.0	305.8942260668547	303.6471009389207
0.0	200.0	304.8989535234778	304.3174293484983
0.0	201.0	258.2561982121709	255.13755338484705
0.0	202.0	256.7513604145777	256.44025786433554
0.0	203.0	256.72001865867026	256.41953433943075
0.0	204.0	260.75568204842756	257.0646990697086
0.0	205.0	255.7337175646243	255.45481186168382
0.0	206.0	266.92790132858795	261.39700684267234
0.0	207.0	259.60565116164224	252.16316497777498
0.0	208.0	257.22888509301225	256.92219433354313
0.0	209.0	262.7817820642142	262.02552701209004
0.0	210.0	244.9543344122069	244.5806823474421
0.0	211.0	264.38202319850785	255.77253825278936
0.0	212.0	256.9966097041989	256.7151015900741
0.0	213.0	257.6688924634996	257.3798696801088
0.0	214.0	222.82877512504635	212.14541534891404
0.0	215.0	236.3061444409151	227.66232212822618
0.0	216.0	256.52402687721207	256.2309340138092
0.0	217.0	241.32347833547567	208.01993244122966
0.0	218.0	258.1273591605074	251.63032662233286
0.0	219.0	255.7603171327768	255.48330647233118
0.0	220.0	264.6871232279351	256.55022141756655
0.0	221.0	262.1942626667153	261.34010081014395
0.0	222.0	274.8937985737256	268.7376013227564
0.0	223.0	250.1244954724435	242.0307173007
0.0	224.0	264.2341458852347	260.58626804359596
0.0	225.0	219.78877267532218	218.62239046426365
0.0	226.0	259.2557953507118	254.3250819186957
0.0	227.0	260.23866226207036	253.90244242586996
0.0	228.0	259.42297224387914	254.04319656886037
0.0	229.0	305.1072504779828	304.53437674864887
0.0	230.0	264.1952732508005	260.0140761207317
0.0	231.0	256.7499881849796	256.4353985104664
0.0	232.0	259.28302216857486	253.19190045655571
0.0	233.0	279.85930489294265	271.2686055018371
0.0	234.0	245.72904143662285	243.30572566580523
0.0	235.0	262.2054460644614	261.3658734106899
0.0	236.0	208.42718301132595	201.96375936513894
0.0	237.0	256.010368728379	255.7200500366745
0.0	238.0	255.29594635800396	255.02447839030773
0.0	239.0	263.04356497815706	262.2848254117687
0.0	240.0	251.1233483717233	247.28409266045685
0.0	241.0	263.2535785656468	260.1943691550242
0.0	242.0	259.3212818085147	255.30422075331188
0.0	243.0	256.9095826768503	256.61391662880476
0.0	244.0	262.93715858360207	258.80601339251007
0.0	245.0	259.53946167311994	252.88092848675825
0.0	246.0	207.68995688709987	202.73952500115732
0.0	247.0	256.38377476590745	256.1028544184429
0.0	248.0	215.31116232952056	214.19418302103395
0.0	249.0	257.58421095467367	257.2713569092462
0.0	250.0	257.19417897053904	256.8897922353846
0.0	251.0	247.557334989719	232.8225123702176
0.0	252.0	244.6049148769649	244.22218538866727
0.0	253.0	296.9809728662794	295.91532608436046
0.0	254.0	257.90584854145555	254.94355272019908
0.0	255.0	259.78068807676493	253.1629215484331
0.0	256.0	262.62193237649865	261.8557409978427
0.0	257.0	256.62965017319294	256.3277634103754
0.0	258.0	262.72310163918695	256.5728162553624
0.0	259.0	262.44675593038124	261.61814932839695
0.0	260.0	253.9887580376521	248.5295921059787
0.0	261.0	261.6767222894864	247.19421279758203
0.0	262.0	301.9065992914639	300.4580303708131
0.0	263.0	235.27740545156686	233.90735988213356
0.0	264.0	257.8512513120709	257.56656062696214
0.0	265.0	245.81806005731525	242.3585502072495
0.0	266.0	288.02099620472137	287.2550659308756
0.0	267.0	242.03877307859636	231.96794031981258
0.0	268.0	274.66111641317315	273.60896201176416
0.0	269.0	205.2203577164013	204.32181529182353
0.0	270.0	259.7562584392746	256.8868273056102
0.0	271.0	308.8536392694974	308.3224613718244
0.0	272.0	239.71935295350508	228.11241238709422
0.0	273.0	273.1962001047315	264.12729793269585
0.0	274.0	286.8835550332925	286.14791584825673
0.0	275.0	206.02021524782296	205.0573305603658
0.0	276.0	234.36098697040416	211.2949542273172
0.0	277.0	250.43370851680353	242.48515923671053
0.0	278.0	245.3786665885796	244.95904850001685
0.0	279.0	207.46548608314703	203.91793117529411
0.0	280.0	273.5557602657895	267.94110584457127
0.0	281.0	266.1871950255621	257.38273656674795
0.0	282.0	264.04925337357724	259.6612931689794
0.0	283.0	259.08580756606256	254.90056927019407
0.0	284.0	302.9798489618647	302.18031579676176
0.0	285.0	219.73109542895992	218.5406985661524
0.0	286.0	259.2118954054989	255.08281759480445
0.0	287.0	205.6195157951887	204.68844749410667
0.0	288.0	267.4734496920977	266.51598472650255
0.0	289.0	236.75691870315396	209.14733199385387
0.0	290.0	205.6732325456241	204.7796421675412
0.0	291.0	265.90584814966456	265.1163264375555
0.0	292.0	207.33577937856603	201.89973563314194
0.0	293.0	268.82037606729295	260.1414008509758
0.0	294.0	264.6200228520882	256.83308024005885
0.0	295.0	259.9430765212755	247.1514085924673
0.0	296.0	259.8338757570647	256.6911060347869
0.0	297.0	262.9980154056226	262.1606366496702
0.0	298.0	205.91717241443163	204.99781677349182
0.0	299.0	257.47796452714067	257.14523652919695
0.0	300.0	288.4610615946583	275.17327358656837
0.0	301.0	257.31101535006013	256.97932568742345
0.0	302.0	251.61934911710244	247.3660598092675
0.0	303.0	256.1344376599625	255.82509638998187
0.0	304.0	257.6467429223699	257.30453209115825
0.0	305.0	259.0944946170631	252.84807165541184
0.0	306.0	260.8553821600355	260.2071291147092
0.0	307.0	238.4231499238755	238.00755856073664
0.0	308.0	289.821071958359	288.98036949099424
0.0	309.0	271.7719708542006	265.81053645399385
0.0	310.0	257.1060326061641	256.82359995574103
0.0	311.0	271.4172121867999	265.3861658478747
0.0	312.0	301.3528716990865	300.3102114715446
0.0	313.0	262.0895522630928	261.2930917284239
0.0	314.0	262.24943546288154	261.4815766499062
0.0	315.0	257.29138507045025	256.9710340126068
0.0	316.0	245.52906255296128	242.33276492801045
0.0	317.0	263.91695255369166	263.1443853282172
0.0	318.0	257.13330025450847	256.8280264693424
0.0	319.0	244.55473025621637	244.13876642225196
0.0	320.0	260.16912186466146	254.11624509267514
0.0	321.0	301.17958684313305	287.04783531523947
0.0	322.0	207.5672345233205	203.84353179375051
0.0	323.0	251.15017340613937	247.36533783543635
0.0	324.0	303.72603731914967	266.03598617860877
0.0	325.0	256.515406504927	256.23440307267504
0.0	326.0	246.3570276581085	242.87431663986112
0.0	327.0	287.5995904508814	286.8978019446735
0.0	328.0	266.30789631528444	265.4248462467667
0.0	329.0	262.31848836425127	251.99336830352027
0.0	330.0	262.7393101270576	261.98384940686975
0.0	331.0	259.73289023036216	254.93516372228905
0.0	332.0	267.0877422897448	262.61609828689086
0.0	333.0	250.21160850002806	249.9522242047214
0.0	334.0	275.03878599596624	269.20449726214906
0.0	335.0	257.04544500592147	256.76626920028315
0.0	336.0	257.21775219964263	256.93565463205204
0.0	337.0	246.97097611182147	239.4352551449455
0.0	338.0	262.56166304303423	261.7758416527938
0.0	339.0	241.13978487523457	229.91401991926878
0.0	340.0	262.288453137833	261.5054359162238
0.0	341.0	236.027496923089	228.91193601716878
0.0	342.0	266.6503097205137	264.52299366443447
0.0	343.0	259.74632408704593	251.88809104277576
0.0	344.0	258.1843693748356	254.5436466751312
0.0	345.0	242.700796252677	207.08264539583587
0.0	346.0	219.44737196059506	218.19729551487094
0.0	347.0	211.41479279912133	210.47380006932661
0.0	348.0	262.74390918374365	259.03147809410217
0.0	349.0	263.9132227597951	260.4323204798818
0.0	350.0	263.4379488613805	260.5072923085765
0.0	351.0	272.81767227735145	271.7455647661659
0.0	352.0	271.54123735165564	264.6206194765447
0.0	353.0	235.00197352356767	208.5381264344655
0.0	354.0	239.5013498602344	239.21853413497908
0.0	355.0	251.33888698626953	247.768729328116
0.0	356.0	257.27920492914524	257.0025079008079
0.0	357.0	259.86457882986326	254.08156961034396
0.0	358.0	220.40276467303005	219.11798410485508
0.0	359.0	232.4122051536759	230.73738130073374
0.0	360.0	257.8394345201406	257.52770294987585
0.0	361.0	266.06947522047443	260.2274094399375
0.0	362.0	260.9503861230689	260.3969188927853
0.0	363.0	263.3441540120114	253.97503151830924
0.0	364.0	264.6342266407264	257.5782164978146
0.0	365.0	264.3852623998472	259.7134776163552
0.0	366.0	262.5699398449421	261.68316683748134
0.0	367.0	241.3649893318576	229.62394885247028
0.0	368.0	262.1750090637198	261.3871952760031
0.0	369.0	261.7025395127811	256.10577494897694
0.0	370.0	259.9555618152226	249.284986213126
0.0	371.0	259.06507611145065	255.66932837707165
0.0	372.0	251.66685402853963	251.41452184285214
0.0	373.0	259.71455024928366	253.30017707615812
0.0	374.0	266.1025627526377	265.22324409930445
0.0	375.0	240.1236005117923	239.79576751982606
0.0	376.0	242.49401707197833	235.37007648772456
0.0	377.0	234.25792832525082	212.39425336357715
0.0	378.0	231.1821392773177	229.59769253210712
0.0	379.0	217.9800527907617	201.44642027038506
0.0	380.0	220.19504546014002	218.9647703974427
0.0	381.0	263.7502201968337	259.9587512510028
0.0	382.0	259.2818973951842	257.14792563851273
0.0	383.0	249.960694924516	249.70268543197116
0.0	384.0	269.41418658242225	268.3565122101372
0.0	385.0	245.365145784683	243.5567319349431
0.0	386.0	269.83443267427725	268.7170177307048
0.0	387.0	263.44975579297517	262.6772017866268
0.0	388.0	246.52489754860164	243.9552771163159
0.0	389.0	219.51171105321407	218.31931845146576
0.0	390.0	250.75399672394073	248.13746521156418
0.0	391.0	270.2469754984438	264.932761366858
0.0	392.0	299.2624548462455	298.3190663683749
0.0	393.0	249.82071454660166	249.5612040408881
0.0	394.0	235.04039793880833	228.24217128017173
0.0	395.0	218.72591255908497	217.48286062269236
0.0	396.0	259.77948978619986	254.2443848920999
0.0	397.0	246.89999623053066	242.77541054414095
0.0	398.0	245.01613809314708	244.620094058304
0.0	399.0	267.0816065665344	264.06619875779506
0.0	400.0	262.49998441022933	261.73294605324776
0.0	401.0	226.9615312873965	208.4833475318824
0.0	402.0	234.9953574960955	233.79430092802167
0.0	403.0	264.44943064532185	258.94857344170157
0.0	404.0	206.9006767506826	203.59294863505207
0.0	405.0	232.66851886465017	230.99498841531923
0.0	406.0	259.77354891111133	252.3501266210407
0.0	407.0	259.93268929247523	254.99598149925276
0.0	408.0	281.5937380984393	280.63441501284285
0.0	409.0	301.5993099994944	300.6264607347049
0.0	410.0	247.1977810990573	237.91451376719957
0.0	411.0	232.12790266060293	230.55051536599288
0.0	412.0	235.38003709463024	227.34015247871324
0.0	413.0	227.3541529113585	208.32619062537782
0.0	414.0	261.6265516763447	260.90307732498115
0.0	415.0	256.3053257294576	256.0245954618591
0.0	416.0	259.43773227545256	254.46359124862076
0.0	417.0	246.92018258004023	238.73954516033888
0.0	418.0	225.0425627383341	204.39201888712236
0.0	419.0	256.52986889833596	256.2168977886605
0.0	420.0	262.15630989934715	261.39622185633544
0.0	421.0	251.6490297138282	251.3988310433151
0.0	422.0	256.2985546067933	255.99941181094167
0.0	423.0	258.1719200377082	247.1560968145597
0.0	424.0	256.730581400218	256.4454654142518
0.0	425.0	259.1180751404173	258.612499316453
0.0	426.0	259.7147559123473	254.3518673257565
0.0	427.0	263.4360980278093	255.94485118033916
0.0	428.0	261.32235958918636	260.60234794648255
0.0	429.0	264.3067202145417	259.61373603507906
0.0	430.0	289.6265088367397	275.1138658314026
0.0	431.0	245.00612333031836	244.6115323213407
0.0	432.0	246.30380241102708	243.0535561493163
0.0	433.0	246.99458001664064	242.26267024973313
0.0	434.0	245.56342814592298	245.14631139153252
0.0	435.0	285.62119814450716	284.6900437992899
0.0	436.0	256.2171842995427	255.9427218919426
0.0	437.0	248.9681027500084	248.71533346349958
0.0	438.0	258.1080194525669	255.27453066354678
0.0	439.0	204.48890212436095	203.53431611590014
0.0	440.0	245.12320937283565	244.72594355809616
0.0	441.0	246.8260449256958	240.87947966413103
0.0	442.0	272.7755317981663	266.93575636962214
0.0	443.0	256.90231469350215	256.5805077930763
0.0	444.0	233.9499423922853	212.20318631930695
0.0	445.0	263.6784831437769	261.356615150114
0.0	446.0	259.49547578736843	254.40597164608596
0.0	447.0	302.7799544862414	281.72010856310743
0.0	448.0	245.16675815031633	234.57569835886918
0.0	449.0	272.7856397443454	271.7290003807346
0.0	450.0	293.1607613956	292.24165213850716
0.0	451.0	303.29115162769244	302.53394680743605
0.0	452.0	263.62658561369227	260.91827946487035
0.0	453.0	264.3401217131428	259.7138422539017
0.0	454.0	263.31686605996697	260.43660563024304
0.0	455.0	264.21101934337463	259.7991040628321
0.0	456.0	264.46883166796255	259.63105216814796
0.0	457.0	251.69464935816134	251.44137329329547
0.0	458.0	259.94852592887565	253.99633551008435
0.0	459.0	276.8939873649142	260.15562330358773
0.0	460.0	259.4840077745817	254.45591673112057
0.0	461.0	245.96094565025453	243.3231919840335
0.0	462.0	287.3020246158383	286.5634357335588
0.0	463.0	262.1703192359577	261.3179638892347
0.0	464.0	255.14646115077696	254.86982517675483
0.0	465.0	266.1859666406477	265.3493521962831
0.0	466.0	263.9036367670423	260.9062696468162
0.0	467.0	281.563680777975	270.75717459339995
0.0	468.0	262.4746318669086	261.7468875467252
0.0	469.0	305.1088115803436	304.5489921418443
0.0	470.0	219.57873205930406	218.3486270422252
0.0	471.0	279.9961112233957	279.02900474863765
0.0	472.0	258.2350317120979	247.4319920004045
0.0	473.0	245.99664653121945	243.2227287847841
0.0	474.0	259.9484736801762	243.7489314640614
0.0	475.0	224.60593825546354	223.2131135409836
0.0	476.0	262.4030470672929	261.56079810522584
0.0	477.0	205.643466669839	204.7536551931033
0.0	478.0	255.86141029302578	255.58555985095342
0.0	479.0	214.6685715766469	201.36657116555241
0.0	480.0	251.86213158251218	247.25887345200505
0.0	481.0	266.209500859695	265.30810144613986
0.0	482.0	258.14544659431004	254.66205894332523
0.0	483.0	233.16573607531546	231.47128064196227
0.0	484.0	267.3372534795784	260.008307630288
0.0	485.0	268.6024655392533	259.7257149516062
0.0	486.0	241.71416870412025	235.17693956290518
0.0	487.0	245.1218977902673	244.72451954173647
0.0	488.0	278.59723963946783	277.5958503875886
0.0	489.0	216.5212059342464	201.5806575576692
0.0	490.0	246.37757710690005	242.25670436015014
0.0	491.0	214.98325447217377	213.86397569554717
0.0	492.0	262.6381497102439	261.90345453915216
0.0	493.0	263.8296234387802	260.11189168438966
0.0	494.0	262.34759484985227	261.62306594979714
0.0	495.0	263.3348069184148	254.18382506559624
0.0	496.0	235.1304338445151	212.1153002889808
0.0	497.0	256.8121789958314	251.89352131179004
0.0	498.0	246.65063120580007	242.48275346137595
0.0	499.0	267.20147901406756	260.0619552268677
0.0	500.0	266.89473314040606	259.89096961193945
0.0	501.0	205.98800327949752	205.09210547690427
0.0	502.0	260.0878734842638	259.635504730761
0.0	503.0	245.90299209824832	243.28197027927274
0.0	504.0	251.7166414674659	251.46165069078305
0.0	505.0	262.33799453461273	261.57106768174924
0.0	506.0	269.37008876967155	268.32686696214563
0.0	507.0	290.71098591607773	275.37627684682974
0.0	508.0	289.8251204443758	274.0493125596804
0.0	509.0	297.53724431153154	288.8711659439769
0.0	510.0	266.17340425718265	265.30822915338376
0.0	511.0	256.3487087352105	256.03785869224373
0.0	512.0	263.68182122518226	260.1843844585894
0.0	513.0	263.75422998284245	260.07751429807075
0.0	514.0	246.17587486049283	242.40428041508332
0.0	515.0	263.5559475773885	256.6174280832931
0.0	516.0	244.61199126720524	244.24843676349172
0.0	517.0	261.92468478184026	261.16004993693184
0.0	518.0	266.97631454905104	266.0424259160664
0.0	519.0	269.3555631231137	268.3003595072192
0.0	520.0	208.53987645993774	201.9252526661873
0.0	521.0	234.62770148705042	228.12370105500062
0.0	522.0	246.65198696055012	236.6566302100361
0.0	523.0	305.42385727699184	303.98502669155835
0.0	524.0	244.71041850752255	244.3045574432971
0.0	525.0	244.16790862804078	243.80721995198823
