clade	species	ts	te
0.0	1.0	292.0412354134316	291.8553412041709
0.0	2.0	251.66708187466153	251.55917138655494
0.0	3.0	294.6321580525174	259.6819983552287
0.0	4.0	297.64298680166075	288.03701354836574
0.0	5.0	298.6514968443128	283.57153469605277
0.0	6.0	305.15659568767063	304.9902226543107
0.0	7.0	308.3940724153418	308.2340893068349
0.0	8.0	233.73250530662142	232.2452978162451
0.0	9.0	309.4028406377824	307.3855641785414
0.0	10.0	271.4371929642804	269.50863716565357
0.0	11.0	236.62024877143563	204.19719396680864
0.0	12.0	302.33039587567276	302.1612649116844
0.0	13.0	251.55610899551684	246.49526997934808
0.0	14.0	277.44305689920117	276.39057488681897
0.0	15.0	263.21156530452026	261.15097591830244
0.0	16.0	300.60778299028084	300.43829894056114
0.0	17.0	235.5064054737806	202.8998814703424
0.0	18.0	302.8317021487544	258.24847212274295
0.0	19.0	251.3203558216272	246.9329806542321
0.0	20.0	251.8355485234104	249.54692793312284
0.0	21.0	215.7922045784447	213.89638644471287
0.0	22.0	298.99600469831125	284.20919325025
0.0	23.0	250.42456554746684	250.31836665249045
0.0	24.0	272.4818012104181	270.7676362169463
0.0	25.0	303.4424915607591	272.4639921896089
0.0	26.0	301.88702251207314	275.351965121743
0.0	27.0	301.59882973895213	301.4313237484916
0.0	28.0	267.9505752460702	258.60049099299994
0.0	29.0	267.56505396638164	265.3668004557692
0.0	30.0	251.9762640342925	251.1634953784649
0.0	31.0	266.3783249080439	264.208309316689
0.0	32.0	250.0280197425589	244.0433079813144
0.0	33.0	251.3386100421128	246.39669281924515
0.0	34.0	250.37049944649937	241.35515509650668
0.0	35.0	249.69897513197904	249.59131314427128
0.0	36.0	251.65899294180832	247.18417549805056
0.0	37.0	301.6675590303037	301.4992987528624
0.0	38.0	248.95594860673717	248.84710600757313
0.0	39.0	260.6113589672468	251.5649362124968
0.0	40.0	249.5315097522781	249.42302083654877
0.0	41.0	305.17045359800676	284.40015119054146
0.0	42.0	309.1837501607434	293.34054747983686
0.0	43.0	295.04628462563625	294.85298387635817
0.0	44.0	296.8251505747368	272.11490863992856
0.0	45.0	251.87755175126685	247.6880292939696
0.0	46.0	246.12247225927254	234.7842264416342
0.0	47.0	249.5509299024034	249.44254341051024
0.0	48.0	289.8291427553568	274.2079032953517
0.0	49.0	219.20987282025638	217.80025690977425
0.0	50.0	239.41757172809807	235.71217827168843
0.0	51.0	244.89882525825007	244.3925754563647
0.0	52.0	308.6872481336981	308.5350208937628
0.0	53.0	244.67191282806547	244.18151482607672
0.0	54.0	252.02700408783247	249.8403317579074
0.0	55.0	298.2235111576872	266.5108961058102
0.0	56.0	271.7656265774222	270.13755340448773
0.0	57.0	302.68274913099026	283.181373373802
0.0	58.0	246.5202473940606	243.71787989513362
0.0	59.0	224.80153432311596	206.47654484786344
0.0	60.0	252.0454737746941	251.18497592232492
0.0	61.0	279.48734862778235	270.9851961971146
0.0	62.0	309.423969354049	307.5527649832695
0.0	63.0	267.19090296081976	264.92246428719426
0.0	64.0	234.78883621201365	206.53254668600772
0.0	65.0	299.0181348860773	287.13921126325016
0.0	66.0	247.84531741155521	247.72913237974583
0.0	67.0	245.8952288776615	201.6414990954393
0.0	68.0	244.71048809207963	244.18352159639994
0.0	69.0	249.23132229744155	249.12347595752763
0.0	70.0	297.9907376606816	273.6191133815099
0.0	71.0	301.70981159075944	300.4409301300464
0.0	72.0	250.11436588566164	250.0061170062922
0.0	73.0	251.98532767572672	251.16367548856732
0.0	74.0	251.61490680313258	246.85491335216122
0.0	75.0	251.93312913329362	251.1351833340375
0.0	76.0	289.74249025381187	272.14700073536784
0.0	77.0	288.08509228002566	276.3136119415275
0.0	78.0	233.35861679862694	232.09178683059363
0.0	79.0	265.108326344869	255.63532678667175
0.0	80.0	295.6082804758368	287.2416673669479
0.0	81.0	251.80524081481815	249.03338437324015
0.0	82.0	302.50707176972776	283.21378479563816
0.0	83.0	293.9453520012247	287.8688905935573
0.0	84.0	247.21499060270344	242.53811607060751
0.0	85.0	235.1530817941213	233.88968100995518
0.0	86.0	249.43876303267456	249.32770551478106
0.0	87.0	300.827910145496	300.6578243052394
0.0	88.0	309.72040194980843	307.40761393262846
0.0	89.0	306.03537965968155	259.8585659535613
0.0	90.0	249.93622163355766	241.22292863924312
0.0	91.0	246.39233446682547	243.41518004974213
0.0	92.0	249.8745494553534	249.76631757247833
0.0	93.0	308.4594095493769	308.3086584641063
0.0	94.0	245.24306360624274	244.735056033697
0.0	95.0	272.78231310151796	265.55559956653445
0.0	96.0	300.7438141574512	300.5740653130148
0.0	97.0	218.41806688953807	216.6821882290363
0.0	98.0	287.2114920329554	286.5824157238621
0.0	99.0	279.596880284756	278.72387426728386
0.0	100.0	243.81303888262792	201.73223320146295
0.0	101.0	299.326194484174	286.8024985916696
0.0	102.0	303.8431688232677	303.6762722122833
0.0	103.0	246.06786130705956	245.59531440545396
0.0	104.0	206.3714721596984	203.41388936963338
0.0	105.0	245.04272389006618	244.5503947417949
0.0	106.0	235.50200178084023	224.0748308570321
0.0	107.0	251.45450178150313	249.5735774690165
0.0	108.0	248.5453320253374	246.76748419962024
0.0	109.0	274.9256735167923	273.5271194063192
0.0	110.0	266.87083729422795	264.59795356718615
0.0	111.0	309.7974161526309	270.0909427771885
0.0	112.0	243.9926569876066	243.4844016420297
0.0	113.0	267.8318608488185	263.3118243199923
0.0	114.0	251.64787368347956	251.53329322135085
0.0	115.0	250.99267810046177	246.3248684592748
0.0	116.0	274.5508018148294	266.8132142193844
0.0	117.0	249.34208972513176	249.23439908755157
0.0	118.0	267.5546064688367	262.14483849378087
0.0	119.0	266.0990631831931	257.87475600091017
0.0	120.0	295.76270969951344	295.5853563103406
0.0	121.0	226.83386867318737	205.37754641281364
0.0	122.0	249.0466532510028	248.93818874382856
0.0	123.0	257.22596742815085	255.7155637091765
0.0	124.0	302.6407814609378	299.7667054609827
0.0	125.0	244.87001046662323	244.42747413847346
0.0	126.0	251.49494241037536	251.38695888458295
0.0	127.0	294.5410228877403	283.62314724491284
0.0	128.0	309.7137773406668	299.85450619456395
0.0	129.0	309.16539757259073	284.46523101173045
0.0	130.0	252.08478888974034	249.06779752508456
0.0	131.0	261.18441948484815	246.45061583368354
0.0	132.0	251.36209465889502	248.81731370746866
0.0	133.0	308.5523007635591	308.39670437837503
0.0	134.0	308.85790599324713	308.70673989929094
0.0	135.0	251.7326701927437	249.05408404307911
0.0	136.0	250.6920672566321	250.58799674654773
0.0	137.0	246.52900412052946	202.6602470781357
0.0	138.0	246.70039001233718	242.59257262799576
0.0	139.0	238.45025830574502	237.81243088650433
0.0	140.0	302.78573452907335	265.62121329994716
0.0	141.0	250.95283694611172	247.2824252557445
0.0	142.0	275.71537107624806	263.6430111407656
0.0	143.0	244.60336304511281	244.11856720348536
0.0	144.0	236.746084696873	202.05550719212576
0.0	145.0	235.56659562702953	228.80629052816326
0.0	146.0	236.29767152715198	218.77993702337105
0.0	147.0	230.83581148730883	205.1286620683715
0.0	148.0	248.715255170957	246.8330326712435
0.0	149.0	302.5327784400162	282.9154311965191
0.0	150.0	252.082180012281	247.2187599525613
0.0	151.0	246.54491836043098	242.5575976058383
0.0	152.0	302.15467863393974	301.9854859312352
0.0	153.0	309.03153710519217	308.87479456739965
0.0	154.0	308.6148952404521	308.463948706154
0.0	155.0	269.6786822929021	267.5581765094327
0.0	156.0	291.73101332967786	291.32155514903536
0.0	157.0	251.72589298741562	251.59164402178678
0.0	158.0	298.0270416667041	281.8158660543939
0.0	159.0	254.19947263493972	252.43804197392106
0.0	160.0	268.24038750597197	265.99972687684135
0.0	161.0	244.8130822219351	244.31833372042385
0.0	162.0	309.31187716166477	297.95493577267155
0.0	163.0	247.95478667624351	247.8459031344397
0.0	164.0	248.036342192946	247.91756451103944
0.0	165.0	247.23430022708123	243.5578486116136
0.0	166.0	303.0113072437218	270.3391554032742
0.0	167.0	294.8845531531141	294.7083890463264
0.0	168.0	235.32363624859826	207.2404111788672
0.0	169.0	245.87293792033617	242.3126724182856
0.0	170.0	262.3842365966359	260.53862165327695
0.0	171.0	295.7894722840257	278.388909324734
0.0	172.0	250.92907625925005	246.9483978961449
0.0	173.0	250.24833496503328	250.13821334307121
0.0	174.0	293.1638531130574	283.3769679328532
0.0	175.0	232.40501233581278	205.23876419568765
0.0	176.0	260.6117864706008	254.73865010520348
0.0	177.0	251.17173719536171	248.81200095864
0.0	178.0	279.7374605149945	278.78875821780014
0.0	179.0	294.1568187798964	283.58497063907464
0.0	180.0	251.67662197035915	251.55438961386085
0.0	181.0	246.5530239003809	236.1251088808414
0.0	182.0	219.49713383251495	201.50942960890572
0.0	183.0	246.87693350036517	237.56902180189667
0.0	184.0	242.39496755297253	230.26122628450884
0.0	185.0	240.44873366986144	233.86534580648097
0.0	186.0	246.87014495233652	246.52724877182894
0.0	187.0	303.1002321704513	281.05582595422425
0.0	188.0	274.3078304606344	259.8421794954213
0.0	189.0	309.79444831134055	307.54696953559034
0.0	190.0	250.49407004584322	250.38289513165316
0.0	191.0	296.5573809714042	296.37787951715194
0.0	192.0	293.02394551948896	292.7211799507185
0.0	193.0	251.78673027154238	251.12012709489997
0.0	194.0	301.28051174085107	301.11014164423193
0.0	195.0	309.08307955153424	308.9345384191508
0.0	196.0	277.73130326446363	276.7428622999921
0.0	197.0	285.329188853459	284.6403312755537
0.0	198.0	226.51751873373857	224.9226386564568
0.0	199.0	250.64280061004058	246.88889621439566
0.0	200.0	251.9435024040495	247.67714930782367
0.0	201.0	247.07379694904435	245.2506779087967
0.0	202.0	267.4283139463477	263.9909822679244
0.0	203.0	294.5504760588321	294.3594178135035
0.0	204.0	251.98919947836495	251.23161200824728
0.0	205.0	246.3646076924235	245.9386287282104
0.0	206.0	258.012331363285	256.316978890819
0.0	207.0	264.88455111767547	254.66994719405835
0.0	208.0	251.33511980544728	247.54850067707508
0.0	209.0	264.79593935595904	254.2755617545253
0.0	210.0	249.99820395803326	246.7966328595265
0.0	211.0	250.11679104083188	250.00912600883157
0.0	212.0	228.92777064317576	206.33784872823287
0.0	213.0	287.2925388420881	286.68751509248426
0.0	214.0	251.61761507293343	251.50197814609152
0.0	215.0	294.59054166615357	294.4159274910617
0.0	216.0	253.22311999007854	252.65092367101877
0.0	217.0	251.62317688322338	251.5128425051517
0.0	218.0	250.09854540922936	249.99397273699705
0.0	219.0	296.4915686267261	296.31334317461994
0.0	220.0	297.58690790711125	290.5343231403162
0.0	221.0	300.38530379691906	283.7793299248081
0.0	222.0	250.65891057186036	246.9297936915134
0.0	223.0	251.820623821807	251.25407491895413
0.0	224.0	277.42828289157177	268.62739190343717
0.0	225.0	308.5301651880471	308.38171494334773
0.0	226.0	246.8466754656345	242.24112981266077
0.0	227.0	248.6474533334307	244.83133140613947
0.0	228.0	245.00032730186857	244.52933839535277
0.0	229.0	309.5408787949303	307.5517160418657
0.0	230.0	297.0849872370027	296.9117078675378
0.0	231.0	247.45189428526166	214.3229148696165
0.0	232.0	252.0139930887201	251.19147750092696
0.0	233.0	245.03444932443062	244.51484992619018
0.0	234.0	275.8056477861886	274.7676368375713
0.0	235.0	252.14836287125704	249.0069577721323
0.0	236.0	286.8375553906223	286.2255909139091
0.0	237.0	241.01633277427834	237.1921106731761
0.0	238.0	294.1852917103788	272.0382339265048
0.0	239.0	251.01474664824326	249.19359148446614
0.0	240.0	251.63464390247083	249.28645107797837
0.0	241.0	251.6278861294397	251.51539594894328
0.0	242.0	251.21259729728428	247.3228768969651
0.0	243.0	292.54232651521926	272.9363512521714
0.0	244.0	251.65947880690797	251.5521287842448
0.0	245.0	251.23775365997366	247.82797608195597
0.0	246.0	239.65353027330644	236.54455753590486
0.0	247.0	261.26841747052214	202.22338701335968
0.0	248.0	248.10470480063816	247.99805432418344
0.0	249.0	249.9757711928449	246.93819203588805
0.0	250.0	251.83767738170093	249.601907793346
0.0	251.0	250.4113547738963	250.299473547287
0.0	252.0	236.5784901259227	235.59815470978322
0.0	253.0	301.061388603209	260.7497093417566
0.0	254.0	258.3070225601861	256.57357486221196
0.0	255.0	299.42506039121787	299.25310135568935
0.0	256.0	265.95136834222853	259.2917441327206
0.0	257.0	258.74653387379635	248.5946229637861
0.0	258.0	251.97576784393087	251.1751456368835
0.0	259.0	264.07803293796565	261.94097683242506
0.0	260.0	255.51538910101237	254.4451355320172
0.0	261.0	217.40827672714298	215.64139788548187
0.0	262.0	244.37427435558823	243.89976499514603
0.0	263.0	246.7975324811852	245.0044282830369
0.0	264.0	250.03287509467523	249.9237443875998
0.0	265.0	249.64258271217653	249.53623637628513
0.0	266.0	249.1756398764256	249.06806432008224
0.0	267.0	251.45345879663816	248.85001767649072
0.0	268.0	251.71622243400486	251.5991331899347
0.0	269.0	251.89862727300306	251.1373493393634
0.0	270.0	252.14882690499894	245.81131393947123
0.0	271.0	249.0293595944898	246.63240544718477
0.0	272.0	251.69108820849672	247.08454171776089
0.0	273.0	251.80261769798534	251.67340571058102
0.0	274.0	246.7708219799998	242.13325884191954
0.0	275.0	250.69774037317276	246.91549929183475
0.0	276.0	245.8291107660423	243.06320452451152
0.0	277.0	302.14048651863504	270.6697761454735
0.0	278.0	273.59355788027955	263.3235435045787
