clade	species	ts	te
0.0	Abyssomedon	111.31772553053052	110.83609447147147
0.0	Acadiella	57.21980724024024	55.53712709009009
0.0	Acaenasuchus	51.63928266666666	34.08755124524525
0.0	Acallosuchus	46.76320302802803	45.1144697967968
0.0	Acerosodontosaurus	80.08315762462462	79.97162721721722
0.0	Acleistorhinus	104.26330443043044	103.10944811411412
0.0	Acrodenta	81.94498136536536	81.81561693093094
0.0	Actiosaurus	30.154077114114113	29.031820135135135
0.0	Adamanasuchus	42.571163684684684	40.77370505205205
0.0	Adelosaurus	81.17457178578579	81.06083205605606
0.0	Aenigmasaurus	74.81969078578578	74.44397426326329
0.0	Aenigmaspina	57.104553559559555	55.3279832082082
0.0	Aenigmastropheus	81.27541882682684	81.16706362662663
0.0	Aetosauroides	59.54048904004004	34.87219475175175
0.0	Aetosaurus	51.57909024524525	33.55532847947948
0.0	Agkistrognathus	75.17488117617617	74.7180820960961
0.0	Agnosphitys	57.9607739069069	56.347329865865866
0.0	Alexeyisaurus	42.84118909109109	40.95366268768768
0.0	Alwalkeria	58.69202997997998	57.21673081881882
0.0	Amanasaurus	57.991517423423424	35.062057111111116
0.0	Ammorhynchus	72.18126791591591	69.73359442642644
0.0	Ammosaurus	26.220465697697698	24.652563167167163
0.0	Amotosaurus	72.1071755965966	68.65572470370371
0.0	Anarosaurus	71.67015174674675	67.70685172072073
0.0	Anchisauripus_Temperate_N	49.2647842032032	24.652430334334333
0.0	Anchisauripus_Tropical_N	50.96775863363363	24.615006354354357
0.0	Ancistronychus	48.0577543003003	46.32098173273273
0.0	Angistorhinus	61.84537188088088	36.19089947447448
0.0	Anisodontosaurus	71.90895757257258	63.23734278778779
0.0	Anomoepus_Temperate_N	26.257560767767764	24.528269116116117
0.0	Anomoepus_Tropical_N	47.51495640740741	24.410013173173173
0.0	Anomoiodon	72.20440337737737	68.38332207607608
0.0	Anshunsaurus	64.70074991191191	53.39447332332332
0.0	Anthodon	84.40221497897898	78.99134575075074
0.0	Anticheiropus	25.698785692692688	24.992542621621624
0.0	Apachesuchus	45.28635041541541	43.72013720120121
0.0	Apatopus_Temperate_N	57.82390931531531	56.19490674074074
0.0	Apatopus_Tropical_N	52.444055743743746	26.83973017217217
0.0	Apatopus_Tropical_S	57.952709450450456	56.21006023323323
0.0	Apatosuchus	40.965290338338335	39.10359385285285
0.0	Aphelosaurus	121.07932180980981	120.05228917317316
0.0	Araeoscelis	115.21197027327327	97.27873123923922
0.0	Archeopelta	65.00079507507508	64.30137633933934
0.0	Archosaurus	85.35602462562564	81.53874314814814
0.0	Arcticodactylus	44.37590140140141	42.573430060060055
0.0	Arganaceras	82.2349402942943	82.09234365865866
0.0	Arganasuchus	58.83443422222222	52.023034160160165
0.0	Argoides	26.33694435435435	24.665852078078075
0.0	Arizonasaurus	72.07479718218218	69.85578971971972
0.0	Asilisaurus	72.13172396596596	66.9678438108108
0.0	Askeptosaurus	69.24046943543543	61.63667151951952
0.0	Asperoris	70.77771574074075	70.04202783683684
0.0	Asylosaurus	33.56976884284284	26.50708757357357
0.0	Atopodentatus	70.0719428798799	68.73426380680682
0.0	Atreipus_Temperate_N	58.72941488488488	57.0661717937938
0.0	Atreipus_Tropical_N	56.73767201001001	40.07091199299299
0.0	Augustaburiania	75.34332271771773	72.33826065665666
0.0	Augustasaurus	68.30076281081081	67.56333906306307
0.0	Australothyris	86.91894486786786	86.49918488188189
0.0	Austriadactylus	40.113633148148146	34.24007402202203
0.0	Austriadraco	36.84429375775776	35.00599777777777
0.0	Avalonnectes	25.692594310310312	24.918946414414414
0.0	Avicranium	29.507183594594594	28.479772914914914
0.0	Azendohsaurus	57.30689311311311	55.56081394494495
0.0	Baeotherates	111.77426003803804	111.44592005805805
0.0	Baisesaurus	73.46512981781783	73.03672830130131
0.0	Barasaurus	85.38474363763764	74.4244020820821
0.0	Barberenasuchus	64.84931663263262	64.12098467967968
0.0	Barracudasauroides	71.6174495145145	67.03717654454455
0.0	Barracudasaurus	71.89158369069068	66.89972666666667
0.0	Barrancapus	48.33330360760761	46.3703666976977
0.0	Bashkyroleter	97.69835444644644	89.42805839039039
0.0	Batrachopus_Temperate_N	71.3852362062062	26.451952973973974
0.0	Batrachopus_Tropical_N	40.08154864364364	24.402659541541542
0.0	Batrachotomus	64.84996068768768	61.723611890890886
0.0	Belebey	95.31527636436435	89.23918227927929
0.0	Benggwigwishingasuchus	70.59060837137139	69.84680255255255
0.0	Bentonyx	70.73441436936938	70.02131805605606
0.0	Bergamodactylus	40.56408177777778	38.71253478578579
0.0	Besanosaurus	66.43401560660661	65.71474444044046
0.0	Blezingeria	69.08549487087086	68.34842669169169
0.0	Blomosaurus	76.74908156256257	76.45338793593592
0.0	Bobosaurus	61.09609146946947	59.84347368368368
0.0	Bolosaurus	120.50871701501501	101.08771714114114
0.0	Boreopricea	75.31077846446445	73.18569209609609
0.0	Brachychirotherium_Temperate_N	59.02060019119119	57.59629651251251
0.0	Brachychirotherium_Tropical_N	56.861874317317316	28.323350302302302
0.0	Brachychirotherium_Tropical_S	58.689709108108104	53.02473808308308
0.0	Bradysaurus	89.63487512612613	83.91647017517518
0.0	Brasinorhynchus	65.92288356656658	62.47793584584584
0.0	Brazilosaurus	115.83265519219219	107.61491019819819
0.0	Bromsgroveia	71.90002083183184	67.13513437837838
0.0	Broomia	88.39686049549549	84.62764444844846
0.0	Bunostegos	77.7702605015015	77.65632826226228
0.0	Buriolestes	59.93280015715715	35.2646046976977
0.0	Bystrowisuchus	74.9702896876877	74.48058073173173
0.0	Callawayia	47.471031995996	36.06492755755755
0.0	Calyptosuchus	59.01933178578579	33.43149303103103
0.0	Camelotia	33.3274331041041	27.899680171171173
0.0	Camposaurus	43.581744710710716	41.88058598298298
0.0	Candelaria	66.93966769869868	61.742721720720716
0.0	Captorhinikos	108.27096066166166	98.18546366466467
0.0	Captorhinoides	106.30098224824825	99.12629804504505
0.0	Captorhinus_Temperate_S	81.34461182282283	81.23169904004006
0.0	Captorhinus_Tropical_N	112.00137101701702	97.64691747047047
0.0	Captorhinus_Tropical_S	115.55257083883883	99.2958777067067
0.0	Cargninia	43.02849611211211	41.292943163163166
0.0	Carnufex	56.91254877477478	55.42744814514514
0.0	Cartorhynchus	73.27514723623624	72.85146433533534
0.0	Caseosaurus	40.76988615315316	38.92755511811812
0.0	Caviramus	32.311577355355354	30.921354819819822
0.0	Ceresiosaurus	67.21863539539541	62.430163674674674
0.0	Chalishevia	67.069310997998	61.920987401401405
0.0	Chanaresuchus	66.81585904604604	62.03549897197197
0.0	Chaohusaurus	75.21147132232231	66.7443680990991
0.0	Chasmatosuchus	76.78756264964964	72.21540081481483
0.0	Chelyoposuchus	30.124513083083087	29.0594470980981
0.0	Chinchenia	65.7243406006006	64.98735781781781
0.0	Chindesaurus	51.519433572572574	36.23762355855856
0.0	Chinshakiangosaurus	25.572991272272272	24.911116217217216
0.0	Chirotherium_Temperate_N	60.481715806806804	27.69031174174174
0.0	Chirotherium_Temperate_S	66.05900984484484	62.87334547147147
0.0	Chirotherium_Tropical_N	76.96295531331332	35.55763968368368
0.0	Chromogisaurus	59.040620994994995	57.5494079029029
0.0	Clarazia	68.60945910110108	67.86566818118118
0.0	Claudiosaurus	85.2401747857858	76.90965783683684
0.0	Clevosaurus_Temperate_N	61.921519873873876	24.52703479079079
0.0	Clevosaurus_Temperate_S	58.48297259159159	33.78441831531532
0.0	Coahomasuchus	58.57095650650651	41.44951404804805
0.0	Coartaredens	71.65892869969969	67.4026630960961
0.0	Coburgosuchus	46.809590613613615	45.089377743743746
0.0	Coelodontognathus	75.14794219119119	72.28494448548547
0.0	Coelophysis_Tropical_N	52.937554271271274	25.096654986986987
0.0	Coelophysis_Tropical_S	42.30137737237237	40.72254635935936
0.0	Coelurosauravus_Temperate_N	81.97937015415415	81.87164876176175
0.0	Coelurosauravus_Temperate_S	83.17307486686686	77.86133570770771
0.0	Coelurosaurichnus_Temperate_N	71.39427185585586	27.326399445445443
0.0	Coelurosaurichnus_Tropical_N	71.35087466566566	36.29131943043043
0.0	Coelurosaurichnus_Tropical_S	58.659888846846854	53.80983590990991
0.0	Coletta	74.26567039539539	73.82227344944945
0.0	Collilongus	74.36488783883883	73.91810755155154
0.0	Colobomycter	115.44953552252252	108.51412067867868
0.0	Colobops	42.60148772472473	40.88017107107107
0.0	Coloradisaurus	48.241671266266266	36.496890493493495
0.0	Coloradisuchus	42.961421559559554	41.21281836336336
0.0	Concavispina	56.68568183583584	54.91015115615616
0.0	Contectopalatus	68.21687496296296	67.45351968868869
0.0	Corosaurus	73.74174512912913	72.2229779109109
0.0	Cosesaurus	63.58495538338338	62.75759688888889
0.0	Crosbysaurus	52.741558105105106	34.020056563563564
0.0	Ctenosauriscus	73.49173117117118	73.044522983984
0.0	Cyamodus	71.55306949149147	52.839775881881884
0.0	Cymatosaurus	71.91178914814816	67.37266098598599
0.0	Cymbospondylus_Temperate_N	70.38937703903903	61.690175155155146
0.0	Cymbospondylus_Tropical_N	74.26768981381382	62.888244404404404
0.0	Czatkowiella	74.2775846096096	73.79543461061061
0.0	Dactylosaurus	71.88884105305306	67.51610576476476
0.0	Daemonosaurus	30.80421976776777	29.586970251251252
0.0	Dagasuchus	59.01760587087087	57.61082812112112
0.0	Dawazisaurus	69.27438166466466	68.42110890590591
0.0	Decuriasuchus	68.9945029069069	61.79583335935936
0.0	Delatorrichnus	25.650102054054052	24.922917542542542
0.0	Delorhynchus	114.3066238938939	107.82114464664664
0.0	Deltadectes	46.22911117417417	28.226482207207205
0.0	Deltavjatia	89.81447941041041	84.63182841141142
0.0	Desmatosuchus	58.57508288388389	34.18170715115115
0.0	Diandongosaurus	69.6455596006006	68.84940806306307
0.0	Diandongosuchus	64.56825824524525	63.90107032432432
0.0	Dianmeisaurus	70.36096679079078	67.85223233433433
0.0	Dianopachysaurus	69.7420226976977	68.84438374574574
0.0	Dimetropus	115.71779295095094	107.61971413313313
0.0	Dimorphodon	25.78914093293293	25.131340144144147
0.0	Dinocephalosaurus	70.02156743443444	68.59476256556557
0.0	Diphydontosaurus_Temperate_N	61.7323412092092	26.584938232232233
0.0	Diphydontosaurus_Tropical_N	40.560336336336334	38.79192038438438
0.0	Diphydontosaurus_Tropical_S	45.376630490490484	43.54323188588588
0.0	Dolabrosaurus	41.22356755855856	39.49033183183183
0.0	Dolerosaurus	55.296069007007006	53.49582488988989
0.0	Dolichobrachium	58.82057736036037	57.234102403403405
0.0	Doliovertebra	70.53085362562562	69.69542804204204
0.0	Dongusuchus	71.0019798088088	67.10973077877878
0.0	Dorosuchus	71.08713733833834	67.97890593393394
0.0	Doswellia	62.35683745345345	35.656306561561564
0.0	Dracoraptor	25.767180906906905	25.076312079079077
0.0	Drepanosaurus_Temperate_N	41.20586261761762	39.36385441241241
0.0	Drepanosaurus_Tropical_N	49.087603771771775	27.901270604604605
0.0	Dromomeron_Temperate_S	44.38695677477478	42.643546276276275
0.0	Dromomeron_Tropical_N	50.869763316316316	27.84931962562563
0.0	Dromomeron_Tropical_S	50.70617618418419	35.012315310310306
0.0	Dyoplax	57.15914255055055	55.46369646546547
0.0	Ebrachosuchus	58.39624444544545	56.846948995996
0.0	Effigia	33.85059123223223	26.86026875875876
0.0	Efraasia	44.63077517917919	36.362532517517515
0.0	Eifelosaurus	71.14297564464464	70.2317427967968
0.0	Elachistosuchus	30.53719934834835	29.437473588588592
0.0	Elessaurus	74.16809422522523	73.76209515115114
0.0	Elginia	82.38512431631631	76.96010238838839
0.0	Embrithosaurus	89.58289858858859	84.65757837737736
0.0	Emeroleter	89.83986838438437	84.91746670470471
0.0	Endennasaurus	40.41102358658659	38.60131815315315
0.0	Energosuchus	66.43658260860862	61.820754650650656
0.0	Eodromaeus	56.136088950950956	54.346171432432435
0.0	Eohupehsuchus	73.21622384684686	72.78064281881882
0.0	Eohyosaurus	71.23757583083082	67.50051271971971
0.0	Eomurruna	76.84222613313312	76.25770526226225
0.0	Eoplesiosaurus	25.658485126126127	24.919030780780783
0.0	Eoraptor	60.427163302302304	54.466802344344345
0.0	Eorasaurus	87.4212781211211	86.98741165365367
0.0	Eorhynchochelys	56.89315815915916	55.135878125125124
0.0	Eosauropus_Temperate_N	50.855249384384386	37.70880123623623
0.0	Eosauropus_Tropical_N	50.9712074054054	34.89056990490491
0.0	Eretmorhipis	65.76374944044044	65.06541201901902
0.0	Erpetosuchus	43.57408987187188	41.75783178278278
0.0	Erythrosuchus	71.99902410610612	67.13233175275275
0.0	Erythrovenator	58.58720890790791	56.91952819219219
0.0	Eshanosaurus	25.666471998998997	24.85904726326326
0.0	Eubrontes_Temperate_N	51.77649056056056	24.54975552952953
0.0	Eubrontes_Tropical_N	51.12428724524525	24.43880843843844
0.0	Eucoelophysis	47.491304576576574	27.516966203203204
0.0	Eudibamus	111.88850946046045	111.59591725225225
0.0	Eudimorphodon	45.173215496496496	26.178499287287284
0.0	Eumetabolodon	74.13552206906907	67.54941565565566
0.0	Eunotosaurus	89.62672766766767	84.70666394094096
0.0	Euparkeria	71.74661689889889	66.99259087687687
0.0	Eurhinosaurus	25.739902453453453	25.04249625925926
0.0	Eurycleidus	25.99437376976977	25.238025115115114
0.0	Eusaurosphargis	71.68156340040039	63.976554654654656
0.0	Euscolosuchus	58.98300645645646	57.54170061161162
0.0	Evazoum	57.93660725025025	28.070561627627626
0.0	Fasolasuchus	44.13499804704704	42.45028428228228
0.0	Faxinalipterus	46.096054437437445	36.73678390790791
0.0	Feeserpeton	111.29937788388388	110.89058052552554
0.0	Feralisaurus	70.29607013113113	69.56117342042043
0.0	Fodonyx	72.20574485285286	66.95966275175175
0.0	Fraserosphenodon_Temperate_N	57.7875300910911	55.85876529129129
0.0	Fraserosphenodon_Tropical_S	42.77372861961962	40.84235397897898
0.0	Fraxinisaura	63.82031952852852	63.08105109109109
0.0	Fugusuchus	71.67554195195194	70.99450585085086
0.0	Fuyuansaurus	64.54319111411411	63.85685292892892
0.0	Galesphyrus	83.19849007007006	80.17314397697697
0.0	Gamatavus	66.40053864364363	62.924939405405404
0.0	Gansurhinus	97.85334052052052	80.5067221011011
0.0	Garjainia_Temperate_N	75.29158275575575	72.15943033533533
0.0	Garjainia_Temperate_S	76.06599987687687	72.13203146946947
0.0	Garzapelta	43.81538931731732	41.973282387387385
0.0	Gecatogomphius	100.85396619219219	93.20723874974976
0.0	Gephyrosaurus	33.12408976076076	27.231825121121123
0.0	Glaurung	81.02742637737737	80.91830154554555
0.0	Glyphoderma	63.854241577577575	63.07181119119119
0.0	Gnathovorax	58.055960935935936	41.638579042042046
0.0	Gojirasaurus	43.33259121721722	41.50991032932933
0.0	Gomphiosauridion	56.78863636436436	55.152613944944946
0.0	Gorgetosuchus	58.004193648648645	56.59979698198198
0.0	Gracilisuchus	66.17977200200201	62.351728523523526
0.0	Grallator_Temperate_N	58.746399040040046	24.57138467667668
0.0	Grallator_Temperate_S	57.90152485685686	40.10777496496497
0.0	Grallator_Tropical_N	59.371551893893894	24.43630351151151
0.0	Graoullyodon	31.8094686966967	30.640007517517517
0.0	Gregaripus	52.44433024324324	37.38607175675676
0.0	Gresslyosaurus	48.059309178178175	33.24356483183183
0.0	Grippia	75.65517790890891	72.39136781381382
0.0	Guaibasaurus	51.30767273573574	33.85829805105105
0.0	Gualosuchus	66.28336147647647	62.56569056856857
0.0	Guanlingsaurus	58.418861579579584	52.42148361561562
0.0	Guchengosuchus	70.23776526626627	69.40813584384384
0.0	Guizhouichthyosaurus	66.0607992992993	52.120057937937936
0.0	Gulosaurus	75.90244929129128	74.30258479079079
0.0	Gunakadeit	42.653424508508515	40.88166238338338
0.0	Gwyneddichnium	50.955598757757755	26.70917362262262
0.0	Gyposaurus	26.335692903903904	24.774200277277277
0.0	Halazhaisuchus	70.18166138638638	69.37628973473473
0.0	Haligonia_Temperate_N	33.39355870970971	27.22576655155155
0.0	Haligonia_Tropical_N	57.43198478378378	55.63402784584584
0.0	Hanosaurus	74.65452311111112	74.19122181181181
0.0	Helcura	26.308203650650654	24.792170417417417
0.0	Helveticosaurus	67.10826522122122	66.41759178578577
0.0	Hemilopas	73.09158825225225	67.91796496896897
0.0	Hemiprotosuchus	49.08394238638638	38.18285172072072
0.0	Heptasuchus	57.464273617617614	55.748945257257255
0.0	Herrerasaurus	61.469721470470475	52.08307874074074
0.0	Hescheleria	68.05094423523522	67.35167954754755
0.0	Hesperosuchus	51.43960882782783	27.38459668068068
0.0	Heterodontichnites	58.72435758358359	39.33963034034034
0.0	Heteropelta	70.18062516416417	69.37766202302302
0.0	Himalayasaurus	40.70253597897898	38.932183326326324
0.0	Hispaniasaurus	64.88507521221221	64.25764443443444
0.0	Honghesaurus	69.65532289289288	68.7628076036036
0.0	Horaffia	65.0149416956957	61.756579615615614
0.0	Hovasaurus	84.60746180680681	74.94952808708709
0.0	Howesia	70.73640985885885	68.11275616316316
0.0	Hudsonelpidia	43.25234033733734	41.481627154154154
0.0	Hupehsuchus	75.62061665865866	63.05160097297298
0.0	Hwiccewyrm	61.53892516516516	52.33999045545546
0.0	Hyloidichnus	81.51805085385386	76.98823065865865
0.0	Hyperodapedon_Temperate_S	61.58139242442442	33.46116585285285
0.0	Hyperodapedon_Tropical_N	59.770570945945956	53.87886725825826
0.0	Hypselorhachis	69.9838361051051	69.23756086186187
0.0	Hypsognathus_Temperate_N	29.879687114114112	28.84866143043043
0.0	Hypsognathus_Tropical_N	58.28800017817818	27.78983821921922
0.0	Hypuronector	46.942903599599596	35.63763329329329
0.0	Icarosaurus	44.72781186086086	43.010042016016016
0.0	Ichthyosaurus_Temperate_N	33.49252626126127	24.447252350350347
0.0	Ichthyosaurus_Tropical_N	50.68244405105104	34.43799994494494
0.0	Ichthyotitan	30.548680135135132	29.4866043973974
0.0	Idiosaura	58.754896221221216	57.30613858858859
0.0	Ignotosaurus	57.2896911031031	55.76914770670671
0.0	Incertovenator	56.03816278978979	54.61917972072072
0.0	Ingentia	44.312024842842845	42.4449491961962
0.0	Isfjordosaurus	73.39866651251252	72.94287276376377
0.0	Ixalerpeton	61.24174092392393	39.07138953453453
0.0	Jaklapallisaurus	43.07441985885885	41.30233454354354
0.0	Jaxtasuchus	64.76825572272273	61.75510114214214
0.0	Jesairosaurus	70.89325191791792	70.23273877677678
0.0	Jingshanosaurus	26.205053759759757	24.550128848848846
0.0	Jushatyria	69.9030664114114	69.15457265565566
0.0	Kadimakara	76.82106152552552	76.26137621821823
0.0	Kalisuchus	76.5971695105105	76.29022011711712
0.0	Kapes_Temperate_N	76.17980568568568	68.85329377577578
0.0	Kapes_Tropical_N	71.70340225525526	67.89300967167168
0.0	Kayentapus_Temperate_N	26.391201769769772	24.479500734734735
0.0	Kayentapus_Tropical_N	53.080918571571566	24.838290110110112
0.0	Keichousaurus	74.4799123133133	61.358388170170166
0.0	Kholumolumo	52.41158114714715	34.55928322022022
0.0	Kinelia	83.07725614714715	82.9318674984985
0.0	Kintneria	49.69443408308309	34.69286299399399
0.0	Kitchingnathus	74.76826287387388	74.35741852452453
0.0	Kocurypelta	41.6605501041041	39.96735607007007
0.0	Koiloskiosaurus	71.76435269669669	71.00327545045045
0.0	Komlosaurus	26.5143246976977	24.45877164064064
0.0	Krzyzanowskisaurus	60.303219455455455	34.74635249549549
0.0	Kudnu	76.85944505705706	76.14974977577577
0.0	Kuehneosaurus	61.67614522822822	29.124530634634635
0.0	Kuehneosuchus	30.694508657657657	29.52932015815816
0.0	Kuruxuchampsa	56.9194590960961	55.44975727627627
0.0	Kwangsisaurus	75.78413026526526	72.86529865765765
0.0	Labidosaurikos	108.01407819419418	98.07533518218219
0.0	Labidosauriscus	115.32596567567569	107.48567657357357
0.0	Labidosaurus	108.24779817817817	98.125303990991
0.0	Lagerpeton	67.11969876376376	62.394052995996
0.0	Lanceirosphenodon	42.71647331631631	40.81083563963964
0.0	Langeronyx	72.00955302202202	65.28391211411412
0.0	Langobardisaurus	42.60360177477477	34.09739406506507
0.0	Lanthaniscus	96.01705981981983	90.69104485685686
0.0	Lanthanolania	92.87440750450452	91.99004352252253
0.0	Lanthanosuchus	88.18395166266265	87.65561618318318
0.0	Laquintasaura	25.657565605605605	25.060914999999998
0.0	Largocephalosaurus	70.29411385685685	68.59223032032033
0.0	Lariosaurus	74.19715505105106	61.48386761161161
0.0	Lasasaurus	75.3613908058058	74.90921388488488
0.0	Lavinipes	25.907230378378376	24.732697856856856
0.0	Lepidus	43.1678692992993	41.36135356756756
0.0	Leptonectes	26.16585734634635	24.910043334334333
0.0	Leptosuchus	52.45074014114115	33.44586736236236
0.0	Lessemsaurus_Temperate_S	52.135583629629636	33.908164901901905
0.0	Lewisuchus	66.61118808808808	54.72327084584585
0.0	Libognathus	42.30194164764765	40.38917525525525
0.0	Liliensternus	51.50965005905906	28.328396899899904
0.0	Lindwurmia	25.830273475475476	25.197061623623622
0.0	Litorosuchus	65.10270879679679	64.36456274674674
0.0	Lophostropheus	30.998872737737734	29.949793421421422
0.0	Lotosaurus	72.22501084984984	67.08280518818817
0.0	Lucasuchus	60.49201550950952	52.330088297297294
0.0	Lucianosaurus	43.84454485885886	42.18332695295295
0.0	Lucianovenator	44.632249885885884	42.89484986986987
0.0	Lufengosaurus	26.42804224824825	24.54117804104104
0.0	Lukousaurus	26.076288185185188	24.7451932052052
0.0	Luopingosaurus	69.81613555455456	68.9168195985986
0.0	Luperosuchus	65.98666335735736	62.841674957957956
0.0	Macgowania	45.63846129629629	34.887543454454466
0.0	Machaeroprosopus	52.36490865165165	26.357102463463466
0.0	Macrocnemus	71.84820464964965	61.780704562562555
0.0	Macrocollum	50.12705708908909	36.1565351941942
0.0	Macroleter_Temperate_N	97.0574546996997	89.48351017317317
0.0	Macroleter_Tropical_N	93.09453317117118	92.2880651921922
0.0	Macroplacus	31.939686511511514	30.755325458458454
0.0	Macroplata	25.988147842842846	25.275146567567568
0.0	Maehary	49.748807185185186	38.29043682682683
0.0	Majiashanosaurus	73.9805462102102	73.52457213913914
0.0	Malerisaurus	46.811462399399396	35.90789413913914
0.0	Malutinisuchus	65.94680924524525	62.12485604504504
0.0	Mambawakale	69.50259026626627	68.74897113013013
0.0	Mandaphon	70.24039456456455	69.43245748448449
0.0	Mandasuchus	71.7864807057057	67.2395494934935
0.0	Marasuchus	67.34054637837839	62.29201454954955
0.0	Marcianosuchus	71.28710479479479	70.45790773773774
0.0	Massospondylus	58.904690698698694	57.53441842942943
0.0	Mbiresaurus	60.71376238038038	53.051617426426425
0.0	Megachirella	68.76486325125127	68.0364181101101
0.0	Megalancosaurus	42.718705519519524	34.37335053553553
0.0	Megalosauripus	25.890699333333334	25.19805768668669
0.0	Megalosaurus	29.397408625625626	28.34873313013013
0.0	Megapnosaurus	25.652369985985988	24.950209965965964
0.0	Mehliella	59.4445256006006	57.9622717067067
0.0	Melanorosaurus	43.78410608908909	42.02685171471472
0.0	Merriamosaurus	73.3544081911912	72.90028640040039
0.0	Mesodapedon	69.33431745645645	68.60198139539538
0.0	Mesosaurus_Antarctic	115.19849567467467	107.24039346046047
0.0	Mesosaurus_Temperate_S	115.47535096896895	108.17429231031032
0.0	Mesosuchus	71.98673942242242	67.23903912512513
0.0	Metamosaurus	111.55980941141141	111.18210781381383
0.0	Metashastasaurus	49.38694406806807	34.53063326226226
0.0	Microcnemus_Temperate_N	76.85309870570569	72.33199093693693
0.0	Microleter	111.55376150550552	111.15912550650651
0.0	Micromenodon	55.22392402002002	53.66370874474474
0.0	Microsphenodon	49.857768040040035	37.28908370770771
0.0	Mikadocephalus_Temperate_N	64.05164834934935	63.2626591101101
0.0	Mikadocephalus_Tropical_N	68.13521892992995	67.32204980180181
0.0	Milleretta	85.09356816316317	76.64079088288288
0.0	Millerinoides	80.33810301501501	80.23008892392393
0.0	Milleropsis	84.53458088888888	76.99412246646646
0.0	Millerosaurus	83.88701865865866	78.05660483283283
0.0	Miodentosaurus	60.092942514514505	54.17720412312312
0.0	Mixosaurus	71.87234445745746	62.564183478478476
0.0	Moradisaurus	81.89855201601601	76.61410124024025
0.0	Mystriosuchus_Temperate_N	51.83936754754754	24.80406161261261
0.0	Mystriosuchus_Tropical_N	43.0968832952953	34.35686135435436
0.0	Nambalia	48.78725378378378	34.94993287187187
0.0	Nanchangosaurus	73.60481025825825	65.15766638338339
0.0	Nanoparia	83.5945924994995	80.42057386786787
0.0	Neoaetosauroides	52.002686409409414	34.05045274874875
0.0	Neoprocolophon	69.66689304504504	68.84861803703703
0.0	Neusticosaurus	71.33180632332332	61.82214932932933
0.0	Nhandumirim	49.178320541541545	37.35078424324323
0.0	Nicrosaurus_Temperate_N	51.55727652252252	33.97548061061062
0.0	Nicrosaurus_Tropical_N	45.336480003003004	43.48041778978979
0.0	Nochelesaurus	89.19883856156156	84.8741408118118
0.0	Notatesseraeraptor	43.117734763763764	41.22469152952953
0.0	Noteosuchus	76.61350876676677	76.27787331031031
0.0	Nothosaurus_Temperate_N	72.25552473673675	28.847399549549554
0.0	Nothosaurus_Tropical_N	71.21445825025025	61.72753357557557
0.0	Nothosaurus_Tropical_S	73.33642199199198	63.850223737737736
0.0	Nundasuchus	70.88111046246246	70.2301864984985
0.0	Nyasasaurus	71.59235047747748	68.06650581181181
0.0	Nycteroleter	95.43158707507509	90.83307336736738
0.0	Nyctiboetus	105.53811467767768	93.30504666166166
0.0	Nyctiphruretus	98.9119950940941	85.23136105305305
0.0	Obirkovia	87.55646225625627	82.7325540890891
0.0	Odontochelys	57.479913334334334	52.69488143343343
0.0	Omphalosaurus_Temperate_N	73.74421885685688	62.82510001901902
0.0	Omphalosaurus_Tropical_N	73.55168508608608	63.4096397957958
0.0	Opisthodontosaurus	115.74699130630631	108.07208312412412
0.0	Orenburgia	76.00636259359361	72.31609356756756
0.0	Orovenator	113.36581564964965	107.95980275175175
0.0	Oryctorhynchus	60.21338855155155	54.983159832832825
0.0	Oryporan	75.72032854354354	73.61222788388388
0.0	Osmolskina	74.51574921921923	74.05007961761763
0.0	Otozoum	41.881598960960964	40.193465472472475
0.0	Owenetta	85.10384375375376	74.49913122822822
0.0	Ozimek	58.23902605405405	52.891668622622625
0.0	Pachypes	78.30349035235236	78.199190992993
0.0	Pachypleurosaurus	68.35997601701702	61.91848022022022
0.0	Pachystropheus	33.57332637037037	27.017145273273275
0.0	Palacrodon_Temperate_S	74.80088457657656	68.96488699099099
0.0	Palacrodon_Tropical_N	46.5657195945946	34.78360536136136
0.0	Palaeagama	77.83302685185184	77.68519786086087
0.0	Palaeochersis	50.2827842982983	37.7587855015015
0.0	Palaeosaurus	57.27944706506506	55.739812936936936
0.0	Palatodonta	70.2809543023023	69.44609797797798
0.0	Paleollanosaurus_Temperate_N	30.095020082082083	28.918486065065068
0.0	Paleollanosaurus_Tropical_S	41.451303005005	39.7301781971972
0.0	Paliguana	74.02410350750749	73.60053617317318
0.0	Pamelaria	71.66830132932934	67.14576743243244
0.0	Pamelina	74.35140686186186	73.83648901301302
0.0	Pampadromaeus	58.657837085085085	38.55847808808809
0.0	Panguraptor	25.637277941941942	24.879563022022023
0.0	Panphagia	56.532843012012016	54.75021649149149
0.0	Pantydraco	58.92101478478479	57.40466446246246
0.0	Panzhousaurus	69.59561777177176	68.7659552982983
0.0	Pappochelys	64.18196673573573	63.41108255055055
0.0	Parabrontopodus_Temperate_N	26.260401854854855	24.57731790890891
0.0	Parahupehsuchus	73.06829390890891	72.6365102772773
0.0	Paralonectes	75.8515722952953	64.91642200100101
0.0	Paraplacodus	72.22996463163165	62.164181150150156
0.0	Pararcus	70.07913043943944	69.20512514114112
0.0	Parasaurus	84.88784293493492	79.45792777677677
0.0	Parasuchus_Temperate_N	75.73689668868869	50.384364834834834
0.0	Parasuchus_Temperate_S	60.562496091091084	54.46211586486487
0.0	Parasuchus_Tropical_N	60.9154545955956	42.21541829429429
0.0	Parasuchus_Tropical_S	51.58121825625626	39.118881086086084
0.0	Paratypothorax_Temperate_N	51.579522469469474	34.982083075075074
0.0	Paratypothorax_Tropical_N	52.11045126826827	33.83828794294295
0.0	Paratypothorax_Tropical_S	45.57386266066066	43.795062686686684
0.0	Pareiasaurus	89.48285294494494	77.35462544444444
0.0	Pareiasuchus	88.73888500800801	79.03627201301302
0.0	Parringtonia	69.48794079679679	68.7075810910911
0.0	Partanosaurus	64.7442743103103	64.04748108008008
0.0	Parvinatator	70.59502515515514	69.89060525925927
0.0	Parvosuchus	64.45555076276277	63.759583005005005
0.0	Pectodens	69.83307814014015	68.98720448848849
0.0	Pelecymala	60.27054435435436	52.86898231731732
0.0	Pendraig	57.67121009009009	56.09888462562562
0.0	Pentaedrusaurus	72.01367971871872	71.3954801911912
0.0	Permotriturus	89.42146098598599	88.78574085285285
0.0	Pessopteryx	73.561567016016	68.7259523013013
0.0	Peteinosaurus	42.46790251151152	36.99201587087087
0.0	Phaanthosaurus	76.91169514314315	76.14201055255255
0.0	Phalarodon_Temperate_N	76.21706963163165	66.12102867567567
0.0	Phalarodon_Tropical_N	71.32244861761761	64.82740835035035
0.0	Phantomosaurus	69.67852718718717	68.81481448348349
0.0	Phonodus	76.54816076776775	76.23676701601602
0.0	Pisanosaurus	57.67841881381381	55.926654576576574
0.0	Pistosaurus	71.20780481081081	62.291211604604605
0.0	Placochelys	61.39945609609609	38.519739123123124
0.0	Placodus_Temperate_N	71.87722133833834	62.085115842842846
0.0	Placodus_Tropical_N	70.86012493393393	68.21694856956957
0.0	Placodus_Tropical_S	72.7863347107107	64.30366429729729
0.0	Planocephalosaurus_Temperate_N	62.10960016116116	27.463746084084082
0.0	Planocephalosaurus_Tropical_S	41.122389095095095	39.22634401301301
0.0	Plateosauravus	50.951947848848846	34.9902607007007
0.0	Plateosaurus_Temperate_N	52.131397781781786	25.170407055055055
0.0	Plateosaurus_Temperate_S	50.17680781681682	35.158242363363364
0.0	Platypterna	45.45227426326327	24.56046064164164
0.0	Plectropterna	26.42736995095095	24.505214083083086
0.0	Plesiornis	25.89422234934935	25.188700661661663
0.0	Plesiosaurus	33.3418908938939	24.703623614614617
0.0	Polesinesuchus	58.24581957357357	56.73735087487488
0.0	Polonosuchus	55.05811708808809	53.40363188588588
0.0	Polymorphodon	64.16146550950951	63.45851348348348
0.0	Poposaurus	60.76976431231231	28.38052734034034
0.0	Postosuchus	57.82127554054054	26.82654911411412
0.0	Powellvenator	45.20060891291292	43.433561519519515
0.0	Pravusuchus	43.10180359059059	41.27928436636637
0.0	Preondactylus	42.58986695795796	34.82289476476476
0.0	Prestosuchus	67.01624305705707	56.35128150350351
0.0	Procerosuchus	65.0457166956957	64.31788828528528
0.0	Procolina	74.51511513013013	74.03949226426427
0.0	Procolophon	76.85256955655656	72.11159620120121
0.0	Procolophonichnium_Temperate_N	70.88637296896897	68.0386365155155
0.0	Procolophonichnium_Temperate_S	74.95633008308309	74.5448091971972
0.0	Procompsognathus	40.524833433433436	38.84520924724725
0.0	Proganochelys_Temperate_N	52.17609097797798	27.90472392992993
0.0	Proganochelys_Tropical_N	41.913998662662664	40.31819347147148
0.0	Prolacerta	76.80334646146147	72.54746593893894
0.0	Prolacertoides	76.70374768168169	76.40452768968969
0.0	Prosantosaurus	66.14034929129129	65.48268065465464
0.0	Prosaurosphargis	73.12021867067068	72.67939223123123
0.0	Protanystropheus	71.55771620620621	68.31828904404405
0.0	Protecovasaurus	51.26675037237237	35.14626777377377
0.0	Protenodontosaurus	60.68694973773775	59.20788718818819
0.0	Proteosaurus	26.026796120120117	24.867014247247248
0.0	Proterochampsa	57.100580688688694	55.47932571271271
0.0	Proterochersis	50.44851561261262	34.871643333333324
0.0	Proterosuchus_Temperate_N	76.82333841741742	76.24611567067068
0.0	Proterosuchus_Temperate_S	76.84145602102102	72.15787178578579
0.0	Protoavis	51.48293561561562	35.51364645845845
0.0	Protocaptorhinus	114.68258347947949	107.21040613313313
0.0	Protoichthyosaurus	26.038898866866862	25.319849680680683
0.0	Protome	39.8007950990991	38.34605986286286
0.0	Protorosaurus	85.26899277977978	79.0097812042042
0.0	Protorothyris	124.04933456056057	118.45127359459461
0.0	Protosuchus	31.88393663063063	24.5164437037037
0.0	Provelosaurus	92.18658936936937	87.78549783783784
0.0	Psephochelys	55.63388032132132	53.87010621721721
0.0	Psephoderma_Temperate_N	33.174615199199195	26.707702164164164
0.0	Psephoderma_Tropical_N	42.426942772772776	37.119895516516515
0.0	Psephoderma_Tropical_S	69.02502143843843	66.09990615115113
0.0	Psephosauriscus	71.53549501201202	63.93552106606606
0.0	Psephosaurus_Temperate_N	63.6035844004004	62.84118205105106
0.0	Psephosaurus_Tropical_S	70.46648084684684	66.89155463963965
0.0	Pseudhesperosuchus	43.17505586686686	41.46635075475475
0.0	Pseudochampsa	56.71443582282282	55.01142997597598
0.0	Pseudotetrasauropus_Temperate_N	42.448439396396395	40.655410956956956
0.0	Pseudotetrasauropus_Tropical_N	51.26561594094094	27.42306813713714
0.0	Pterodactylus	25.504915042042043	24.863886815815814
0.0	Pumiliopareia	82.1268383033033	82.01673895595596
0.0	Qianichthyosaurus	64.64954426226225	52.34443947647648
0.0	Qianosuchus	69.97273204804804	68.47558646946946
0.0	Qianxisaurus	64.77921014114114	64.06827965565566
0.0	Quasianosteosaurus	73.38835542042042	72.92199093993995
0.0	Raeticodactylus	34.067728308308304	32.58005571371371
0.0	Rautiania	89.13578448148148	83.96264028028028
0.0	Redondasuchus	48.6546372982983	34.65632803603604
0.0	Redondavenator	44.35172674174174	42.69721598598599
0.0	Revueltosaurus	58.56540220720721	33.46486113813814
0.0	Rhaeticosaurus	31.47507434234234	30.345390068068067
0.0	Rhipaeosaurus	92.40269526526527	86.06005042642643
0.0	Rhomaleosaurus	31.27571628328328	24.66572287187187
0.0	Rhombopholis	71.04610821621621	65.66052517217219
0.0	Rioarribasuchus	49.962904111111115	34.201020820820816
0.0	Riojasaurus	48.949566004004	36.13125572672673
0.0	Riojasuchus	41.92527361361361	40.08390376776777
0.0	Romeria	121.75404930030031	120.72746018418418
0.0	Rothianiscus	97.34557959759759	89.64010219019019
0.0	Rotodactylus	44.193494569569566	42.4326663963964
0.0	Ruehleia	49.88077104504505	37.750208324324326
0.0	Rugarhynchos	42.988326397397394	41.379690814814815
0.0	Ruhuhuaria	69.08103458958959	68.31622162662663
0.0	Rutiodon	58.48605554854855	33.556101951951945
0.0	Sacisaurus	45.75445036236236	44.09070267567567
0.0	Saltoposuchus	46.3982082022022	35.78679404504505
0.0	Sanchiaosaurus	69.46460762062061	68.63925642842842
0.0	Sanchuansaurus	78.14803550150148	78.03045843543543
0.0	Sanjuansaurus	56.3807351051051	54.722646750750755
0.0	Santaisaurus	76.86450852452452	76.07843086886886
0.0	Sarcosaurus	25.752773036036036	25.10242808208208
0.0	Sarmatosuchus	70.32133512312312	69.55761547547547
0.0	Saturnalia	59.64108942542543	40.048840053053055
0.0	Saurischichnus	51.37048706006006	34.413529153153156
0.0	Saurodektes	76.89222138238239	74.13322023123122
0.0	Sauropareion	76.5346211151151	72.57204325125126
0.0	Sauropus	25.92848856556557	25.220653845845842
0.0	Saurorictus	82.20445043743744	82.09476753453454
0.0	Saurosternon	81.45506873273274	81.31209924024024
0.0	Saurosuchus	58.5092960940941	56.98307903203204
0.0	Scelidosaurus	25.78247396696697	25.042085855855856
0.0	Scharschengia	73.33646749249249	72.91594964864863
0.0	Schleitheimia	42.151632560560564	40.377451411411414
0.0	Sclerocormus	73.32456174474474	72.8819703023023
0.0	Sclerosaurus	72.15355734934934	68.5379722002002
0.0	Sclerostropheus	44.91690048748748	43.14885428128128
0.0	Scoloparia_Temperate_N	30.15701879179179	29.181184116116114
0.0	Scoloparia_Tropical_N	59.898454137137136	53.98258817217218
0.0	Scolotosuchus	74.40101086586586	73.92820432032032
0.0	Scutarx	51.76891353753753	34.21376157857858
0.0	Scutosaurus	90.20019543343344	81.86171211111112
0.0	Scythosuchus	74.63041818618619	74.1856452012012
0.0	Seazzadactylus	45.55276076476476	43.67640217017017
0.0	Selenichnus	26.015352709709713	24.742117495495496
0.0	Serpianosaurus	71.65322902002004	62.10044157157157
0.0	Shansisuchus	72.30939805105105	66.88601945045045
0.0	Shastasaurus_Temperate_N	40.59451472672672	38.82890493593594
0.0	Shastasaurus_Tropical_S	61.68219034134135	53.264354575575574
0.0	Shihtienfenia	79.18683648648648	76.65020757957957
0.0	Shonisaurus_Temperate_N	58.21357969969969	26.95510893593594
0.0	Shonisaurus_Tropical_N	52.0205206996997	40.54884943043044
0.0	Shringasaurus	71.89582545245246	66.95059952552552
0.0	Shuangbaisaurus	25.750888191191194	24.957838638638638
0.0	Shuvosaurus	52.27247904404405	26.701254086086088
0.0	Sigmala	61.49566866566566	52.64428922622622
0.0	Sikannisuchus	52.2950113963964	35.30919722822822
0.0	Silesaurus	55.96101295195195	54.243724129129134
0.0	Sillosuchus	57.7349891931932	56.19296770670671
0.0	Simosaurus_Temperate_N	68.46708256756757	27.974888950950955
0.0	Simosaurus_Tropical_S	68.07540549349348	67.39231868868869
0.0	Sinocyamodus	56.57536184184185	54.678884409409406
0.0	Sinosaurosphargis	69.96286322422422	68.54838347147147
0.0	Sinosaurus	26.389101546546545	24.62756783983984
0.0	Skybalonyx	44.1212644934935	42.115595942942946
0.0	Smilodonterpeton	30.62651932032032	29.545466839839836
0.0	Smilosuchus	57.72831783783784	33.74835758258259
0.0	Sophineta	74.3906473063063	73.98357883183184
0.0	Soturnia	49.460768591591595	34.93632200300301
0.0	Soumyasaurus	43.25498872072071	41.39834345145145
0.0	Sphenotitan	50.29667451851852	36.036408003003
0.0	Sphodrosaurus	43.07503552252252	41.284227078078075
0.0	Spinosuchus	57.682294267267274	38.61231078678679
0.0	Spondylolestes	81.73941280580581	78.32526205605606
0.0	Spondylosoma	66.4960835855856	62.36000437237237
0.0	Stagonolepis_Temperate_N	58.1997959059059	52.51645311811812
0.0	Stagonolepis_Tropical_N	50.7918317017017	34.3146562972973
0.0	Stagonolepis_Tropical_S	42.64354478378378	40.9072634924925
0.0	Stagonosuchus	71.89531608308309	67.64917950950952
0.0	Staurikosaurus	59.59145630830831	57.92369898098097
0.0	Stauromatodon	63.20915716316316	62.45350086286286
0.0	Stegomus	49.62689176376377	35.609968131131126
0.0	Stenaulorhynchus	71.68414554654656	67.03844518618618
0.0	Stenomyti	45.45832425025025	43.851576686686684
0.0	Stenoscelida	43.05142908208209	41.259506386386384
0.0	Stereosternum_Antarctic	111.86251816216217	111.37315958358357
0.0	Stereosternum_Temperate_S	115.74407576276276	107.80304448348349
0.0	Styracocephalus	89.32272688588588	84.65518497697698
0.0	Syntarsus	30.546581764764763	29.582619818818817
0.0	Syntomiprosopus	47.02440133433433	45.349021565565565
0.0	Tachiraptor	25.967161431431432	25.296837124124124
0.0	Tanaisosaurus	74.5184403043043	74.05612833233234
0.0	Tanystropheus_Temperate_N	71.52391221021021	27.094567483483484
0.0	Tanystropheus_Tropical_N	70.83047680980981	62.26659016516517
0.0	Tanystropheus_Tropical_S	70.75097759459459	67.77813962862864
0.0	Tanytrachelos	51.01855655055055	34.14774833733733
0.0	Tarjadia	66.50031222622623	61.8084162002002
0.0	Tarsodactylus	25.76779293093093	25.103396712712712
0.0	Tasmaniosaurus	76.82818036236236	76.14711257257258
0.0	Tawa	52.36209956156156	33.81563493693693
0.0	Taytalura	55.9949191071071	54.380665504504506
0.0	Technosaurus	41.5663573023023	39.83904847647648
0.0	Tecovasaurus	50.847067538538546	34.7609627947948
0.0	Tecovasuchus	51.95668962162162	34.74921912312312
0.0	Teleocrater	71.66456428028027	67.09614436836837
0.0	Temnodontosaurus	26.00414723323323	24.855726273273273
0.0	Teraterpeton	59.95237301001001	53.323183651651654
0.0	Teratophon	71.23259558158158	67.08889010010009
0.0	Teratosaurus_Temperate_N	68.41516696496497	39.59431556456456
0.0	Teratosaurus_Temperate_S	75.56910018518518	75.13591459059057
0.0	Termatosaurus	33.997202768768766	26.912237770770766
0.0	Terrestrisuchus	61.46217516216217	53.45111017917918
0.0	Tetrasauropus_Temperate_N	45.396575680680684	43.5493884994995
0.0	Tetrasauropus_Temperate_S	69.71407708308308	62.98862122622622
0.0	Teyujagua	74.54650184584585	74.08742709009009
0.0	Teyumbaita	49.28280594394395	33.79278145045045
0.0	Thadeosaurus	81.64166215715716	81.52563982482482
0.0	Thaisaurus	73.18268577277276	72.77216318218218
0.0	Thalassiodracon	33.49626736336336	24.48625406206206
0.0	Thalattoarchon	69.71544014614615	68.89715706606606
0.0	Thalattosaurus	70.33319680880881	65.14880947347348
0.0	Thecodontosaurus	68.70858662162162	26.00894861961962
0.0	Theledectes	69.73143499499498	68.9077021061061
0.0	Thelephon	70.11430765265266	69.27663074874876
0.0	Thelerpeton	71.56657923423424	67.85281081981981
0.0	Tholodus_Temperate_N	71.74297862862862	67.36580763663665
0.0	Tholodus_Tropical_N	68.80925979179179	68.0245202972973
0.0	Thuringothyris	115.81149925825825	107.46876854854855
0.0	Tichvinskia	75.90701914014014	72.20525145345346
0.0	Ticinosuchus	71.0855712032032	67.70871765365365
0.0	Tikisuchus	57.84532945545545	56.246537952952956
0.0	Timanophon	75.64114802602602	72.39970565365364
0.0	Toretocnemus	60.240905970970964	53.27529792892893
0.0	Trachelosaurus	71.70554723223223	70.98517962462462
0.0	Trialestes	60.26212007907908	52.94767388888889
0.0	Tricuspisaurus	29.959762573573574	28.848928107107106
0.0	Trihamus	25.777148665665667	25.12548902302302
0.0	Trilophosaurus	58.25251578078078	33.651520182182175
0.0	Tropidosuchus	67.22933711911911	61.80196233033033
0.0	Tuebingosaurus	42.466139570570576	40.83354413313313
0.0	Turfanosuchus	70.90314138438438	70.01555264064064
0.0	Typothorax	52.35733655755756	27.03712407107107
0.0	Uatchitodon	59.32093635135136	36.673174559559556
0.0	Unaysaurus	46.71809697397397	37.14648452152152
0.0	Unguinychus	41.572084960960964	39.72422007207208
0.0	Uralosaurus	71.14751873073074	67.82901568268268
0.0	Utatsusaurus	75.87408653753754	72.3421124134134
0.0	Vallesaurus	42.81237337537538	36.602732855855855
0.0	Vancleavea	59.18267924224224	27.5366503013013
0.0	Variodens	33.79028283583584	26.5638055005005
0.0	Vellbergia	63.457546842842845	62.67050341641642
0.0	Velocipes	45.2245532972973	43.35976053353353
0.0	Venaticosuchus	56.88818841941942	55.25395551751752
0.0	Venetoraptor	58.95827334834835	38.34186487987988
0.0	Vinitasaura	58.08786977577578	56.32553160460461
0.0	Vivaron	50.36396027627628	33.95807258758758
0.0	Vjushkovisaurus	71.12525747147147	67.47585486686687
0.0	Volcanosuchus	56.4150198038038	54.68518835435435
0.0	Vonhuenia	76.61940881281281	76.29715940640641
0.0	Vritramimosaurus	74.80329782682682	74.37314435435435
0.0	Vytshegdosuchus	74.76646586386386	74.3414339139139
0.0	Wahlisaurus	25.61455607307307	24.884188181181184
0.0	Waluchelys	43.870097119119116	42.10961479179179
0.0	Wangosaurus	64.98850356556557	61.76975743743743
0.0	Wannia	47.23245782282283	37.549212758758756
0.0	Wapitisaurus	75.09521842942942	74.62927879079079
0.0	Weigeltisaurus	85.13350229629629	79.20748484984985
0.0	Whitakersaurus	30.504808700700703	29.416699155155158
0.0	Wimanius	66.88393834234233	66.08973912412412
0.0	Wumengosaurus	71.73490791591591	67.23289899099099
0.0	Xenodiphyodon	57.71789937737738	56.12317936036036
0.0	Xilousuchus	70.11947764064064	69.34973458958959
0.0	Xingxiulong	25.795191580580582	24.94623174374374
0.0	Xinminosaurus	69.42023258058059	68.66179875575577
0.0	Xinpusaurus	65.37196765865866	52.34898348948949
0.0	Xiphopeza	25.70467263363363	25.044785409409407
0.0	Yarasuchus	71.72282311211211	67.24196900200201
0.0	Yelaphomte	43.88131417517518	42.061762659659664
0.0	Yimenosaurus	26.385102757757757	24.483852837837837
0.0	Youngetta	74.57703165165164	74.0985142112112
0.0	Youngina	85.39364981381382	76.74398167667667
0.0	Youngosuchus	70.76725414314313	69.82924466966965
0.0	Yunguisaurus	66.26466044444443	61.756165691691685
0.0	Yunnanosaurus	26.20200865265265	24.70640151751752
0.0	Zanclodon	66.80046980780781	27.707670928928923
0.0	Zhongjiania	84.52548364264264	79.46411836236237
0.0	Zupaysaurus	40.87843946346346	39.30514389489489
