clade	species	ts	te
0.0	1.0	286.5083455321633	286.1001083792066
0.0	2.0	231.72665478037956	229.75537320031688
0.0	3.0	227.71511732843067	208.9061789320779
0.0	4.0	217.6502848142451	215.8925185918493
0.0	5.0	256.433673575175	256.32255693008915
0.0	6.0	279.2292575723772	278.0139961156305
0.0	7.0	257.08426502150587	256.97125444822973
0.0	8.0	206.66395721246306	205.55307133382394
0.0	9.0	220.97069020080005	219.15625196681984
0.0	10.0	256.72895972659245	256.61482206569735
0.0	11.0	250.63345600391017	250.2826302446432
0.0	12.0	232.63990042042042	231.1106502254969
0.0	13.0	257.04237797594357	256.93238720730574
0.0	14.0	235.00913311695635	209.03824937538624
0.0	15.0	227.17768167934474	209.08504473369368
0.0	16.0	250.29821838850998	249.78318083504308
0.0	17.0	231.9891681327768	230.13365907621434
0.0	18.0	219.1112939260216	217.3007316830751
0.0	19.0	233.3121355215789	231.50557267754692
0.0	20.0	235.4404415338262	209.85837518308068
0.0	21.0	246.99086079448082	244.6772915438151
0.0	22.0	201.20985619133927	199.73183779041335
0.0	23.0	247.21160804365215	243.6825151632828
0.0	24.0	246.61126638279077	242.0343279392016
0.0	25.0	223.75294984951515	199.59608731196982
0.0	26.0	223.69741719211453	199.57894561847885
0.0	27.0	219.86462236071188	218.0493666768615
0.0	28.0	236.4254204458926	213.98479923160934
0.0	29.0	247.32542713395654	238.60300537004915
0.0	30.0	201.25652958262455	199.49220680512138
0.0	31.0	219.87247709051786	199.40994958405147
0.0	32.0	247.2045022847897	243.74079280609897
0.0	33.0	239.68406555827593	228.83650040672367
0.0	34.0	259.53480711978784	254.56409336638615
0.0	35.0	200.5385537698738	199.82937669646847
0.0	36.0	223.03859457997277	221.2357409896628
0.0	37.0	233.61424143340938	231.98349612081037
0.0	38.0	226.75454977464915	201.8806103407454
0.0	39.0	234.62148360334388	232.86993583793077
0.0	40.0	215.43888551306193	213.67992173957015
0.0	41.0	295.775369571748	294.72737945260064
0.0	42.0	290.02271710324834	272.5977355848493
0.0	43.0	239.34517972491827	238.6444185078259
0.0	44.0	259.9274049554152	256.67277875433433
0.0	45.0	219.0945735278486	217.33259921178893
0.0	46.0	257.3100452671153	257.1897480776301
0.0	47.0	233.48124523889035	228.27703137092558
0.0	48.0	201.37527895111182	199.59057418570993
0.0	49.0	247.03476157320873	244.53260373997458
0.0	50.0	247.13837930763273	242.00536255342192
0.0	51.0	243.57587006941645	237.3146606078832
0.0	52.0	245.14524136916148	244.38180356035465
0.0	53.0	209.07706104448366	201.49007452657898
0.0	54.0	245.19405609496738	243.40303649506174
0.0	55.0	232.67497686143662	230.83694062093957
0.0	56.0	233.46162648616277	211.19408216364226
0.0	57.0	250.46597931610472	247.14618436663326
0.0	58.0	243.22202379642468	242.51772977295252
0.0	59.0	262.5829687034349	262.1685038882347
0.0	60.0	216.1754390900347	208.51551096695468
0.0	61.0	211.6918503893752	210.0088662584074
0.0	62.0	200.67382098813468	199.9951641689345
0.0	63.0	205.37238762206312	204.33820656154566
0.0	64.0	233.4892013595321	231.4855456142316
0.0	65.0	286.9504321071922	286.6684741856875
0.0	66.0	248.5588513462286	248.0998876605018
0.0	67.0	259.9553933178575	249.39551218100203
0.0	68.0	240.52737294001057	239.8688778585153
0.0	69.0	246.4960178052787	242.4760534963539
0.0	70.0	246.7767007361993	239.234009825616
0.0	71.0	223.19561828440771	221.51973327059852
0.0	72.0	272.3090397873122	264.3546834569939
0.0	73.0	246.09219588686386	202.30635321884515
0.0	74.0	217.29119156837712	199.44581517844017
0.0	75.0	239.6330197002663	237.05009851043272
0.0	76.0	270.79086613486675	264.2220206438612
0.0	77.0	244.75821345226348	244.00949086711088
0.0	78.0	244.67414587741436	243.94692438946507
0.0	79.0	215.38148356763557	213.6878910457084
0.0	80.0	242.40004099813478	241.72271199452805
0.0	81.0	243.35933716790072	242.65171201744963
0.0	82.0	251.72468180296408	251.43714238612796
0.0	83.0	236.4108399556175	235.2682228918977
0.0	84.0	296.4832693891055	275.03230802689916
0.0	85.0	250.3126176647603	247.79498017464243
0.0	86.0	234.34351585198715	232.71345516567604
0.0	87.0	231.64580091896545	203.10675085498715
0.0	88.0	235.36008737652105	229.91026978769423
0.0	89.0	264.9445862564299	257.7306828516838
0.0	90.0	241.6307576581534	237.6388602241149
0.0	91.0	290.63984317996835	282.53373118265375
0.0	92.0	246.79024310690008	242.58812982722273
0.0	93.0	263.16087508505717	260.5395019803369
0.0	94.0	253.1092116459511	252.97398771664848
0.0	95.0	235.71425433389143	209.80347641706084
0.0	96.0	249.27401726544116	248.7999203570377
0.0	97.0	223.3047511308666	211.0248478495714
0.0	98.0	232.37632784287464	208.49371412019238
0.0	99.0	209.05594952378115	202.0685693284531
0.0	100.0	217.70835193634758	216.15812473089585
0.0	101.0	242.04061094417915	237.12410783160485
0.0	102.0	283.07648645469055	273.3535397850089
0.0	103.0	281.43572915026016	274.14868138016163
0.0	104.0	256.71111394169594	256.6014278643131
0.0	105.0	287.0107571743053	272.6153988714255
0.0	106.0	290.47989642674634	273.9165345203542
0.0	107.0	217.68779535876808	216.11980073316556
0.0	108.0	232.8865159622804	230.96585695196578
0.0	109.0	248.32945752894975	247.88662545716244
0.0	110.0	220.14541328880105	218.36422391717883
0.0	111.0	208.23734353906227	206.99013981621144
0.0	112.0	242.2298822446769	237.41601149057848
0.0	113.0	241.54738333636337	237.38026099898875
0.0	114.0	241.37098320523825	237.62201698989878
0.0	115.0	250.41650856662432	240.39897947192662
0.0	116.0	251.863920397746	247.15347809192238
0.0	117.0	205.26503395781978	204.16063293111156
0.0	118.0	241.76239567474914	241.0453954878594
0.0	119.0	223.63964013805773	212.11049144098249
0.0	120.0	200.88503380757084	200.0506746265913
0.0	121.0	235.4336791845189	202.26215076473892
0.0	122.0	240.8397572437106	238.01021229652017
0.0	123.0	251.90400412377664	214.5662194550388
0.0	124.0	231.93748702993287	230.04352512195643
0.0	125.0	243.26027992447104	242.5691139688311
0.0	126.0	260.03309703829257	251.9496195619052
0.0	127.0	236.64395769898533	199.51469617473228
0.0	128.0	234.58476900373037	208.52117144760055
0.0	129.0	233.52211816341753	216.43717589196507
0.0	130.0	245.78734922803628	243.35720335940857
0.0	131.0	218.7128750701244	216.96343347252215
0.0	132.0	250.5736321814627	247.64711552385975
0.0	133.0	227.7178884108923	199.7237768628187
0.0	134.0	218.25181473132287	216.62062947920762
0.0	135.0	256.6427229733256	256.53299188042564
0.0	136.0	258.9433534743873	252.66665122208116
0.0	137.0	246.1181791011022	202.05648644713986
0.0	138.0	245.3945843222396	208.07253645965685
0.0	139.0	234.16726764581628	227.42173810769785
0.0	140.0	249.9443463570602	249.48118517946264
0.0	141.0	249.8145904336903	249.33059697581996
0.0	142.0	290.1283173431049	282.8750009274374
0.0	143.0	217.8881909375499	216.18127311768677
0.0	144.0	224.79976126163214	210.25508474618817
0.0	145.0	216.45726265587254	214.80314233019473
0.0	146.0	231.1984582671378	229.57070029035154
0.0	147.0	244.07239351908444	243.34372700189888
0.0	148.0	248.67828936538612	247.27310156051186
0.0	149.0	239.10894554114086	238.41015250146634
0.0	150.0	227.45510449062346	208.38901187494238
0.0	151.0	248.2369934467016	247.787789704154
0.0	152.0	245.95669688625713	228.49313406485467
0.0	153.0	247.06657229838538	242.77400204202291
0.0	154.0	246.15992666107485	236.91107332027323
0.0	155.0	249.35480101293274	239.22012466377151
0.0	156.0	249.2212563038798	248.7370959663592
0.0	157.0	246.71327751635414	242.1897915127136
0.0	158.0	204.9124149353251	203.88475914584433
0.0	159.0	234.7013564023079	233.322004525343
0.0	160.0	244.9736244371285	244.33685490787536
0.0	161.0	243.79163543509478	236.75928615860855
0.0	162.0	200.9602098609535	200.1234345930179
0.0	163.0	290.2624643151047	282.43018479700896
0.0	164.0	220.0369946895583	201.98259482460477
0.0	165.0	264.9323033145429	259.6561281230126
0.0	166.0	233.48189261125404	209.41806391462825
0.0	167.0	244.63885504318023	243.81249468138967
0.0	168.0	239.4234075401634	238.7248247771323
0.0	169.0	246.1569884543085	242.6982014054652
0.0	170.0	244.52566408042787	243.67866436783558
0.0	171.0	290.6371369819324	282.83253094753866
0.0	172.0	200.84650551832044	200.0492750085057
0.0	173.0	245.06689586158274	243.5876509382015
0.0	174.0	236.97023090235845	201.84860949976965
0.0	175.0	215.84099830171124	214.13607162862505
0.0	176.0	217.87771131131808	216.11758025401403
0.0	177.0	220.98680871980585	219.2473139976292
0.0	178.0	230.37710334528478	228.51025036995924
0.0	179.0	232.4722051830133	230.7724908234025
0.0	180.0	244.7341245282082	243.9715696709176
0.0	181.0	246.75279277263792	243.21272637115018
0.0	182.0	246.01628463047894	242.65865257051203
0.0	183.0	237.106317759649	211.62350861691704
0.0	184.0	200.77435360480456	199.93243153281497
0.0	185.0	215.9431071050686	214.19849856034332
0.0	186.0	221.93464376353668	203.18948632256541
0.0	187.0	217.8014682193845	216.0409161873954
0.0	188.0	225.4378516269284	202.59895139422915
0.0	189.0	226.16676482152613	210.63370032089122
0.0	190.0	233.57945422429466	231.8469046657378
0.0	191.0	233.88711593031383	232.38136682445867
0.0	192.0	208.44699848042114	201.58210306242765
0.0	193.0	221.3031151460241	211.38691326996934
0.0	194.0	246.3258165381072	245.50217474001957
0.0	195.0	205.27471496978617	204.22755745779165
0.0	196.0	249.32371802468566	248.8649376991989
0.0	197.0	256.40368976394114	251.7935744931853
0.0	198.0	264.8008216120293	259.9712605557478
0.0	199.0	264.59560401440467	259.7434057336599
0.0	200.0	215.5567280395735	213.8338461628895
0.0	201.0	240.87964333361055	237.72863082455984
0.0	202.0	233.77985240007195	231.95206765824335
0.0	203.0	248.2972107918628	247.8430087884246
0.0	204.0	246.52436378596383	243.00675658314142
0.0	205.0	251.82837384309934	251.08334460097305
0.0	206.0	200.76359327465477	199.92371239477973
0.0	207.0	234.06298955970297	227.1577746838616
0.0	208.0	261.9453445820964	261.5525796450072
0.0	209.0	232.6911843453522	230.76453779300888
0.0	210.0	224.4701061195182	213.7005292890032
0.0	211.0	225.39138190988663	211.5609767552557
0.0	212.0	244.0350612181148	243.22637050911808
0.0	213.0	216.75582336720637	214.96399246037595
0.0	214.0	247.2200988745604	241.95791009374264
0.0	215.0	231.63488679472806	229.97727052184857
0.0	216.0	200.79550448489306	199.97875410715852
0.0	217.0	227.35992485932428	199.55840912549579
0.0	218.0	226.6348405153878	199.44902176179508
0.0	219.0	219.99467660875962	202.70310250305062
0.0	220.0	286.5335887420982	286.18293680411017
0.0	221.0	221.49577988557172	202.6013297787054
0.0	222.0	248.42663051930919	243.05616714030495
0.0	223.0	264.79394013350714	259.94760863453524
0.0	224.0	247.02450537299293	242.1238750416859
0.0	225.0	201.07255239637524	200.31057936483558
0.0	226.0	200.8807783601726	200.07079964774888
0.0	227.0	246.5209112512051	239.60293363211946
0.0	228.0	232.2170686368611	230.4271350428881
0.0	229.0	232.53630454629828	202.32818692720144
0.0	230.0	218.62141942033057	216.98848472723293
0.0	231.0	223.91126385394213	213.04181604628147
0.0	232.0	287.6748049899549	287.3555534774099
0.0	233.0	245.49004449588193	244.71686772067102
0.0	234.0	247.12556978491898	242.03710134552074
0.0	235.0	234.3914116873786	232.96145654320833
0.0	236.0	217.0972915311296	215.52856380731242
0.0	237.0	238.66528570049104	238.04391596293218
0.0	238.0	246.85809747462335	246.16927002431487
0.0	239.0	240.32692865250172	239.6900587460646
0.0	240.0	258.45019519449664	255.48118505400058
0.0	241.0	241.1380304971741	237.69283561819796
0.0	242.0	271.87614896556136	256.24304367131094
0.0	243.0	249.91499772154742	247.16426955816357
0.0	244.0	250.7297489722918	247.34427508829313
0.0	245.0	219.66938295638147	217.96935577333454
0.0	246.0	276.58617465096245	268.26414279215504
0.0	247.0	207.6481108413353	202.44572144926346
0.0	248.0	256.29106841752156	256.1822741171699
0.0	249.0	238.56735233207115	237.86001398229192
0.0	250.0	233.01615130455397	213.01441453834315
0.0	251.0	219.05318039795955	217.41595852356772
0.0	252.0	231.74616169305273	229.82717437488066
0.0	253.0	234.0459814574321	232.25882855597254
0.0	254.0	241.00481898843805	237.5737553232171
0.0	255.0	233.74620940791468	199.60410461909683
0.0	256.0	233.71739665544558	213.0928895982539
0.0	257.0	234.61059841807216	199.42365246647714
0.0	258.0	205.65516261708555	204.59552643390373
0.0	259.0	227.28327814988933	213.03100107993345
0.0	260.0	222.9373669877302	208.25837323791282
0.0	261.0	251.17412384297575	247.160879009899
0.0	262.0	225.96960251120797	208.49683467717617
0.0	263.0	241.67910178062675	237.93969092071822
0.0	264.0	233.9212318519309	228.1941836431645
0.0	265.0	245.0814497380982	244.29952606715807
0.0	266.0	240.20298429873372	227.08424333474534
0.0	267.0	250.54636521924965	249.1589649807301
0.0	268.0	219.41922961375965	217.75769139819545
0.0	269.0	227.38807559288304	202.0952897078619
0.0	270.0	201.30759066438952	199.63051707043897
0.0	271.0	245.1120275138822	244.23881165379382
0.0	272.0	207.322347298082	201.68367299693256
0.0	273.0	232.90507481154845	231.3055862692951
0.0	274.0	249.4301829247857	248.94230264340052
0.0	275.0	201.117369294655	199.53635883386335
0.0	276.0	241.60075452576996	240.9516180226969
0.0	277.0	248.58098717585588	243.09330763995104
0.0	278.0	224.7051739813818	212.2972749485387
0.0	279.0	233.7133732355757	231.83839931120573
0.0	280.0	236.55648800350568	227.25621956224225
0.0	281.0	243.31737406347264	242.6056376901988
0.0	282.0	227.07110528968863	201.54001968921
0.0	283.0	233.67757113783307	211.3284643155204
0.0	284.0	244.82878406665245	244.03519401386532
0.0	285.0	215.55256470174947	213.80274558525377
0.0	286.0	240.90881144717355	240.24376722336208
0.0	287.0	244.79732449765726	243.90163146100522
0.0	288.0	240.83538255178144	236.54720446646593
0.0	289.0	259.5980718640434	249.68427641028552
0.0	290.0	246.1816013632625	242.44872386823445
0.0	291.0	219.9014122267666	218.07895034175664
0.0	292.0	250.2223201201137	238.17933389732465
0.0	293.0	235.8724648274138	227.39663684687466
0.0	294.0	255.4185258537287	252.33777036621757
0.0	295.0	236.5948458880212	208.32051329645276
0.0	296.0	235.5233264168137	228.00472433472285
0.0	297.0	244.18699465279386	243.37842809187745
0.0	298.0	205.63467948629759	204.5266832848347
0.0	299.0	234.43551821659796	202.0696331219901
0.0	300.0	224.81655946643224	209.9265774312408
0.0	301.0	221.24534963102957	219.46760703504538
0.0	302.0	208.4006943854875	199.46506377288512
0.0	303.0	226.82135028608187	211.4259559612917
0.0	304.0	205.86160032181255	204.78397818811445
0.0	305.0	233.18793448300542	231.23864145517362
0.0	306.0	233.39728188796505	231.64141559344486
0.0	307.0	232.91026650082586	231.13736893313404
0.0	308.0	218.48353845822984	216.7120713646333
0.0	309.0	248.06548853479254	247.64235445937595
0.0	310.0	234.96102613997908	212.81537797549413
0.0	311.0	218.76348550676974	216.9841919032461
0.0	312.0	239.793411623816	236.7570246792773
0.0	313.0	245.82529739288083	245.23335443799368
0.0	314.0	201.1315860333037	199.60397994872974
0.0	315.0	244.91465122546322	244.12192626646365
0.0	316.0	251.78517811814737	251.20587112624867
0.0	317.0	251.60682351574738	251.28601394777468
0.0	318.0	250.9978927562894	243.50806385408828
0.0	319.0	246.34243733717233	242.94390456248945
0.0	320.0	201.3926934522298	199.52524603285428
0.0	321.0	227.6281812760031	199.64629497970765
0.0	322.0	249.1745989358982	236.43425085640288
0.0	323.0	227.83876363226554	209.17646035237476
0.0	324.0	258.0860378329195	257.96397978004245
0.0	325.0	223.86444314833875	209.6332108243576
0.0	326.0	248.81618994769605	248.3541882146429
0.0	327.0	221.0459776935022	219.33127986772882
0.0	328.0	246.62600218393465	245.92016484454885
0.0	329.0	201.52977972127775	199.43825146427488
0.0	330.0	235.68676921121585	212.0921626725469
0.0	331.0	251.75878808112452	251.06434590636977
0.0	332.0	236.60646283284078	203.64391473186217
0.0	333.0	206.09421931650917	204.90120511379902
0.0	334.0	232.95024873817684	231.23926877444688
0.0	335.0	250.621703947977	248.1221692685199
0.0	336.0	282.91819836662216	273.3243775698154
0.0	337.0	290.8247117434466	282.3958896772436
0.0	338.0	282.97163194203307	273.1485606810301
0.0	339.0	241.88190850314044	236.97611541577993
0.0	340.0	220.4487519073473	218.79111005398937
0.0	341.0	246.26126854028695	241.07373565587247
0.0	342.0	216.67155190979673	208.70786256991653
0.0	343.0	272.1424272019461	266.66505407458516
0.0	344.0	269.487831807009	268.594250151777
0.0	345.0	262.95365255952316	262.5013942569018
0.0	346.0	200.53075799696623	199.73214695765122
0.0	347.0	245.2698764651625	243.39666146047708
0.0	348.0	249.62654878975044	236.60752848870212
0.0	349.0	250.9431208835043	250.5360031513163
0.0	350.0	201.1084204254205	199.75823345380286
0.0	351.0	217.38870897331435	215.6783088888302
0.0	352.0	200.91038018588975	199.67390247185924
0.0	353.0	227.41414129522803	208.28709536308276
0.0	354.0	227.56249339467857	208.60285810745063
0.0	355.0	242.1629053730716	227.82726358243355
0.0	356.0	217.13150436482434	215.4641591280127
0.0	357.0	226.7040650295172	203.5738513996225
0.0	358.0	201.09672254429825	200.25690498504477
0.0	359.0	239.66739426514908	239.0166615589164
0.0	360.0	203.61084463829928	202.77419695244893
0.0	361.0	246.87886305485455	241.94530128325036
0.0	362.0	235.77863914275443	227.85980738833024
0.0	363.0	218.9531883632063	217.18356330678998
0.0	364.0	217.25086651050006	215.54121250163487
0.0	365.0	201.3038307327161	199.55839825917147
0.0	366.0	201.34473894444878	199.78314859168083
0.0	367.0	244.61840683647006	243.76842238002672
0.0	368.0	241.34833181561595	237.25910018673244
0.0	369.0	221.28238108549536	211.23987006120294
0.0	370.0	227.24614759280442	201.42822330852033
0.0	371.0	246.59169007959642	236.7890305546579
0.0	372.0	224.65913300783157	209.98900508907968
0.0	373.0	273.1708651738334	264.36345436783563
0.0	374.0	269.02325461373727	268.174716044596
0.0	375.0	204.92413897124686	203.81301854939943
0.0	376.0	200.8101207890763	199.9828347862111
0.0	377.0	225.07473276054787	214.00458673317675
0.0	378.0	249.45405937592557	248.98517975096348
0.0	379.0	224.0230447108732	210.77013263628808
0.0	380.0	240.36070966276023	237.52287454652307
0.0	381.0	244.74245695557255	243.96901177955934
0.0	382.0	244.8737566798953	244.093573594546
0.0	383.0	246.56742150623046	242.18511668383914
0.0	384.0	241.05236202897785	237.50904965016463
0.0	385.0	246.44452307914696	245.68334242620708
0.0	386.0	232.23804704227015	230.49626648226382
0.0	387.0	236.3972099224598	227.97010112279915
0.0	388.0	243.78986898604478	243.0283463454196
0.0	389.0	217.32440948421893	209.34544126140742
0.0	390.0	200.75591630908215	199.97342108623695
0.0	391.0	205.22638206338277	204.18985649371342
0.0	392.0	200.8658471724626	200.03789747079176
0.0	393.0	233.5392326869853	231.60098625404777
0.0	394.0	216.409170368476	214.8793680775739
0.0	395.0	248.4067916538051	247.9525759596962
0.0	396.0	245.49433436499282	244.7225128683356
0.0	397.0	289.8216037266599	282.71589634076787
0.0	398.0	290.52612405705685	283.2657074682637
0.0	399.0	247.06208411782154	242.00229190860574
0.0	400.0	287.2011860273037	286.8208592380027
0.0	401.0	223.8410398501669	213.63296985838042
0.0	402.0	251.90796802788796	248.2090298879875
0.0	403.0	286.9361831433499	286.6285381159788
0.0	404.0	231.38489055506244	229.38762167997393
0.0	405.0	225.5849898724817	214.49697807213565
0.0	406.0	239.53306364854663	238.87250259255723
0.0	407.0	241.21601354700616	240.548095022989
0.0	408.0	259.69780244966796	251.94119327130642
0.0	409.0	255.514139159822	255.39694763237785
0.0	410.0	259.85282077069405	252.4217316975022
0.0	411.0	258.81305051256754	253.0947998931561
0.0	412.0	234.0157804427016	229.43672415232754
0.0	413.0	246.7943488969539	237.5174531488219
0.0	414.0	256.7143478703019	251.63401430603716
0.0	415.0	226.90574999001115	199.8944214977022
0.0	416.0	218.35961199166286	209.3195255345903
0.0	417.0	225.71241388023464	210.67404832959923
0.0	418.0	248.76168766602996	241.46701136482434
0.0	419.0	258.52362933753193	254.62129708257396
0.0	420.0	227.82904076341308	209.7677603248688
0.0	421.0	244.87737926931763	244.08420380467197
0.0	422.0	245.03252028652005	236.86114834661066
0.0	423.0	224.57427396190968	211.66806301801145
0.0	424.0	227.04753541351025	209.77558079078418
0.0	425.0	220.6720319576063	218.94709674055883
0.0	426.0	264.54194151517436	260.0460663590714
0.0	427.0	220.4978350803043	218.85342546938728
0.0	428.0	251.61799906958507	251.30182158102903
0.0	429.0	247.22782469763706	203.92534720803607
0.0	430.0	246.39861433536328	236.6737971820021
0.0	431.0	247.7957302400589	239.05989406914685
0.0	432.0	244.73315470232254	243.9408810400229
0.0	433.0	245.66036299577522	242.4041394422634
0.0	434.0	271.6500651087765	265.620848739469
0.0	435.0	279.88520477852563	269.77393144535336
0.0	436.0	273.606710126316	261.11476190798777
0.0	437.0	261.9645971752379	257.5127083145204
0.0	438.0	233.18250361301807	227.60960419986742
0.0	439.0	249.06521742788124	237.9177547594243
0.0	440.0	248.89947752676997	238.11121785257137
0.0	441.0	290.44680824463194	282.82138872818797
0.0	442.0	251.16718222384517	247.1539486979966
0.0	443.0	289.34905814675443	283.945139385274
0.0	444.0	234.7859421815189	228.85113758136606
0.0	445.0	250.14533367025473	247.46891121137313
0.0	446.0	249.17215386536927	248.68492805051744
0.0	447.0	220.04465391026866	218.25369032865538
0.0	448.0	259.87915459518644	248.15815278084023
0.0	449.0	233.72749141886987	226.91496336877944
0.0	450.0	252.70731371410918	252.56251865926586
0.0	451.0	243.6183568436949	236.65662984559378
0.0	452.0	209.07178155120846	202.1362255871302
0.0	453.0	250.2604669353588	242.71930426194672
0.0	454.0	222.89856505903435	210.9898610861358
0.0	455.0	252.72305016388947	252.58063996476366
0.0	456.0	225.02364935720624	209.18063151229785
0.0	457.0	233.48004205729274	231.82083418050772
0.0	458.0	245.5226630995292	244.775328331161
0.0	459.0	206.01914558093915	204.84066119038417
0.0	460.0	218.75132671679458	217.10085664449036
0.0	461.0	249.6465787280082	249.2023172450477
0.0	462.0	246.9354652875538	242.15423518993472
0.0	463.0	249.4192720234834	248.9455312485309
0.0	464.0	232.85885194632525	213.33767262270365
0.0	465.0	200.9738604326228	200.13235233758806
0.0	466.0	231.99138478010983	230.16604793280825
0.0	467.0	233.4838907360532	231.63197074668255
0.0	468.0	244.6209461404847	243.7648290688884
0.0	469.0	238.76217348234252	238.08308971852492
0.0	470.0	201.20712562432163	199.5534292559804
0.0	471.0	248.3700482305307	247.92303550966867
0.0	472.0	250.97258015687817	241.0561439478196
0.0	473.0	246.65465680858213	237.6434777661434
0.0	474.0	245.13366780949224	244.36476837249856
0.0	475.0	260.1703901440915	253.94616491029112
0.0	476.0	250.66289684054877	224.81029040547648
0.0	477.0	234.6027239068641	230.14124784154876
0.0	478.0	236.22262937622895	214.1095231354622
0.0	479.0	224.4859421867999	210.52522827826152
0.0	480.0	225.8457261950808	209.38192106486585
0.0	481.0	226.89594574808703	208.86724834162186
0.0	482.0	217.40138518182223	215.66406818833923
0.0	483.0	264.6477961632491	252.14578881718896
0.0	484.0	263.0489717871099	253.97837659581566
0.0	485.0	245.91633863332171	245.23023084166115
0.0	486.0	240.23266211190017	239.590374115462
0.0	487.0	242.2495160884167	241.59700886240296
0.0	488.0	239.17279197030302	238.48810987184126
0.0	489.0	244.28242777726717	243.49638326303668
0.0	490.0	236.2004771768672	227.30336035584668
0.0	491.0	232.57103304977585	230.6625237645142
0.0	492.0	246.222877087001	245.52300478353692
0.0	493.0	263.3776344369937	262.9022118151777
0.0	494.0	248.5514393185429	242.9841622407218
0.0	495.0	218.27361796665133	212.7349859228306
0.0	496.0	251.90704030580116	251.12185387299854
0.0	497.0	251.141703009472	241.90360864698476
0.0	498.0	245.95065907087718	239.9396491722154
0.0	499.0	244.42229274549155	243.61327774255892
0.0	500.0	251.5410220683042	251.20628033567795
0.0	501.0	233.4988473419252	231.98928837457726
0.0	502.0	245.52311981182936	238.4027064301509
0.0	503.0	236.5031249557523	215.4995124528927
0.0	504.0	247.09128401559568	236.6730752613737
0.0	505.0	246.0724097702446	243.11799788096496
0.0	506.0	247.8516639476511	239.49152926380071
0.0	507.0	236.91539846846592	202.45222981081812
0.0	508.0	218.68799820831688	216.96386637710535
0.0	509.0	225.895191936651	210.22968484612184
0.0	510.0	227.51213353173628	200.0708523613973
0.0	511.0	227.7079819141114	210.61102302084294
0.0	512.0	217.10323141064507	199.44708235565568
0.0	513.0	201.24163433876785	199.52574320527197
0.0	514.0	200.84194298111217	200.02680836607155
0.0	515.0	208.8367957410533	199.98991888766167
0.0	516.0	231.14366985549273	229.6124116686704
0.0	517.0	231.00419607505705	229.13439862666993
0.0	518.0	238.40745580495286	237.6485263282733
0.0	519.0	236.40209547803912	203.96880854992756
0.0	520.0	232.01811610211348	202.47228263882738
0.0	521.0	219.92151488357172	218.2495479285385
0.0	522.0	218.99844409120325	217.2558208330543
0.0	523.0	217.80643552147777	210.48042365177136
0.0	524.0	242.25041863851277	229.9056022810369
0.0	525.0	239.56887607600086	238.89582144107243
0.0	526.0	249.1361898145485	248.65326799084264
0.0	527.0	251.7925449695502	247.09278674742413
0.0	528.0	246.12059923602516	242.73777310702368
0.0	529.0	250.035089178238	249.5986550715626
0.0	530.0	215.73186482825645	214.0187076386364
0.0	531.0	227.04976032636318	201.45054704314654
0.0	532.0	216.3882642695311	214.5701218434589
0.0	533.0	251.78823134980166	247.28049684612188
0.0	534.0	251.77513673795215	251.50460831854292
0.0	535.0	241.55520353870267	240.91623978050313
0.0	536.0	248.2503371391139	247.79768728559873
0.0	537.0	246.5812113578804	243.28081088618973
0.0	538.0	224.89341903876448	211.2182927017607
0.0	539.0	235.9337962265756	234.35473032265529
0.0	540.0	201.06812670280564	199.65013073189584
0.0	541.0	232.75256089836967	230.9409301721705
0.0	542.0	226.95623842074627	209.11742364535556
0.0	543.0	251.83591232071146	251.10099253296102
0.0	544.0	251.79935879261566	247.27965882346993
0.0	545.0	226.6393655725008	210.5737392925763
0.0	546.0	289.9487174942527	283.9745688155484
0.0	547.0	200.71483143302734	199.8130731588445
0.0	548.0	217.45510756270295	215.77621285190844
0.0	549.0	260.0712555277026	254.13838298341554
0.0	550.0	299.1390791201025	293.64836878870557
0.0	551.0	208.0196179899549	199.48788856682657
0.0	552.0	267.2097522805987	262.62153648049974
0.0	553.0	231.5159961083271	229.58916706819178
0.0	554.0	209.2636944537804	201.32551958119748
0.0	555.0	217.91755135248712	212.27107381540245
0.0	556.0	243.92860025303654	241.198618173766
0.0	557.0	246.5107395102642	240.4831496876931
0.0	558.0	238.56254390365064	237.9576310598883
0.0	559.0	245.87481146926365	242.12260927739635
0.0	560.0	217.70909097970764	215.94387868710882
0.0	561.0	231.6595471955078	230.32058610222592
0.0	562.0	217.84291568956948	216.1442739711457
0.0	563.0	224.9138692873516	201.65608750354494
0.0	564.0	200.92634273513187	200.10286940965625
0.0	565.0	256.2810485821189	256.17130118796837
0.0	566.0	239.21748700812367	227.96851995550514
0.0	567.0	245.01027549579214	243.6332541744963
0.0	568.0	240.1872789133923	239.5496394280835
0.0	569.0	247.9893724298363	247.53437795639277
0.0	570.0	208.7797443158125	207.40015887124574
0.0	571.0	262.19938934103754	258.46106230216077
0.0	572.0	225.52158003066327	210.37389773926677
0.0	573.0	221.10768319303588	219.3700941594962
0.0	574.0	234.24452904237125	208.1899070181575
0.0	575.0	204.76049123475548	203.6728845328487
0.0	576.0	267.8067388938078	260.4403499594827
0.0	577.0	205.75005191972943	199.58284618062
0.0	578.0	246.3463348269643	240.62673018559755
0.0	579.0	226.4794695011292	209.57486004012404
0.0	580.0	225.64124090938103	213.85226699439315
0.0	581.0	218.9922808561332	217.25080854292744
0.0	582.0	296.0983679626849	295.0582311864178
0.0	583.0	273.33762862427665	264.3141855058596
0.0	584.0	218.4203647483118	216.7451938144024
0.0	585.0	225.8836745168373	212.59887015635013
0.0	586.0	220.3001513978135	218.5519635024888
0.0	587.0	244.85470080599785	243.98335755873657
0.0	588.0	233.46330965583883	208.90363097174122
0.0	589.0	219.96438801089903	218.29569243548806
0.0	590.0	221.83525273737902	210.98630424729492
0.0	591.0	244.97999657982675	244.09805594189822
0.0	592.0	252.9413841136979	252.82360906369732
0.0	593.0	232.70627052979245	230.8093382722165
0.0	594.0	251.79234315686696	251.18091269264818
0.0	595.0	200.7709417740761	200.01964925240733
0.0	596.0	245.0588105636243	244.26486258968075
0.0	597.0	235.0252993094529	215.83689313892293
0.0	598.0	226.42595862184967	210.46999782294182
0.0	599.0	251.88390661197317	248.95939931753165
0.0	600.0	251.56970472533396	247.72364009029317
0.0	601.0	200.9994555679165	200.12168998638185
0.0	602.0	256.1388461873055	256.02905319611455
0.0	603.0	257.0011572245194	256.8689025142081
0.0	604.0	234.11730317950762	232.47799749096058
0.0	605.0	200.72506248521893	200.00468206321418
0.0	606.0	248.56809843755548	248.1066852463623
0.0	607.0	217.33770656706255	215.55483051293837
0.0	608.0	248.4389198534815	247.98617581844738
0.0	609.0	246.94615340104946	243.8224274138698
0.0	610.0	219.9220683134979	218.19267907803462
0.0	611.0	203.32580007276485	202.40894412825983
0.0	612.0	234.7147636971652	228.76029612293397
0.0	613.0	250.24891270164835	249.76092860011914
0.0	614.0	225.73639348469084	210.11850451583723
0.0	615.0	265.0226185892651	256.7101455816358
0.0	616.0	248.85146263799598	248.39331177191875
0.0	617.0	220.95900734398145	219.26712307759638
0.0	618.0	201.02928520442927	199.69678273803075
0.0	619.0	246.81610630567755	238.33919410041682
0.0	620.0	247.27215656614123	241.8628571649232
0.0	621.0	215.76059436443109	214.01749777566042
0.0	622.0	236.25088849964607	227.9453359069428
0.0	623.0	254.00046238342003	251.78590912776545
0.0	624.0	233.43546421693503	202.98717854196113
0.0	625.0	227.00933449154488	215.85277592202158
0.0	626.0	247.06639401679797	242.41343174445782
0.0	627.0	200.80417888089752	200.02832209316958
0.0	628.0	227.4609167763458	201.62367516714795
0.0	629.0	236.63984369623253	227.06438083081832
0.0	630.0	225.73120799920224	211.60346916557492
0.0	631.0	231.61992846587037	229.65923297614577
0.0	632.0	232.66929625490175	231.0486375510174
0.0	633.0	243.45404250288212	204.2751822249239
0.0	634.0	243.5755732618344	242.83604256491645
0.0	635.0	231.83170104185444	229.86968429000328
0.0	636.0	245.20317900249438	243.42979440239776
0.0	637.0	201.21942301043833	199.57404424701403
0.0	638.0	219.56111767868174	217.93081447345477
0.0	639.0	206.55296442051034	205.32590739229659
0.0	640.0	233.38658958661338	208.79325754716345
0.0	641.0	249.67384840530792	249.1433727181766
0.0	642.0	225.69073023375543	211.6428723155653
0.0	643.0	220.6918156638277	218.90620497442666
0.0	644.0	224.37494273353636	210.57777216849624
0.0	645.0	219.90235236862208	218.09956176677272
0.0	646.0	233.521253007663	217.1968642665985
0.0	647.0	257.54901938698185	254.77690427119404
0.0	648.0	240.9069481312037	237.36112653526442
0.0	649.0	233.0722543712289	227.70452393234757
0.0	650.0	226.1882837943797	210.11660581085178
0.0	651.0	219.7336681946539	218.03684674655895
0.0	652.0	246.6065182689131	242.36847076597485
0.0	653.0	234.5905911352712	233.1323868261329
0.0	654.0	238.47653931929574	237.82591097148284
0.0	655.0	225.7275133937123	210.108218702918
0.0	656.0	246.93778481816648	242.21408799517974
0.0	657.0	219.11472738650994	217.49600004723646
0.0	658.0	219.82326124309265	218.1500477934583
0.0	659.0	287.2338341747997	286.8125342594973
0.0	660.0	290.74699841203835	282.66602440898214
0.0	661.0	264.4251407570984	259.9521723012169
0.0	662.0	203.94715320535062	203.00338391930245
0.0	663.0	215.3077163805099	213.70924729418306
0.0	664.0	200.93173082908794	200.23041444216227
0.0	665.0	249.2889923816672	248.82600484389712
0.0	666.0	246.70774566035576	202.49306274643536
0.0	667.0	245.9327816558388	236.83436824586798
0.0	668.0	245.0967065511747	242.83090399169654
0.0	669.0	227.21869599697746	208.49355377737956
0.0	670.0	242.06867722050808	237.71658651202821
0.0	671.0	200.97274923009246	200.14085881432376
0.0	672.0	251.74426661040013	251.20905785296463
0.0	673.0	227.10171112100133	208.48118896129168
0.0	674.0	230.94559675568263	229.06022665632193
0.0	675.0	215.6139940691918	213.91101190958324
0.0	676.0	226.01866657054572	210.99722857563572
0.0	677.0	226.08243569856964	209.43426317573227
0.0	678.0	246.17757680845853	242.55262211041696
0.0	679.0	201.02847961325404	199.63113314021504
0.0	680.0	235.75389661014168	229.23615916887826
0.0	681.0	246.88117359600673	242.0450765844223
0.0	682.0	242.4555270469893	213.30496557925372
0.0	683.0	250.71068797643798	250.2577101742941
0.0	684.0	208.78381664786124	201.42931453565768
0.0	685.0	236.58451977960428	227.31888050332026
0.0	686.0	221.46797466562546	219.79980664814215
0.0	687.0	245.3729519131788	240.31783169565952
0.0	688.0	249.8384002196654	249.3910492307779
0.0	689.0	226.5399411406083	210.10012063400714
0.0	690.0	256.7932891584512	256.68203400191015
0.0	691.0	248.21119203702287	247.78306695547144
0.0	692.0	207.08520023473298	199.46084289298756
0.0	693.0	244.55033801347204	243.71388135236353
0.0	694.0	245.14717588580768	239.22962208884374
0.0	695.0	243.2863138267284	200.8174772756098
0.0	696.0	244.84883276667148	244.19097240395962
0.0	697.0	244.53222857583788	243.76425005236013
0.0	698.0	246.69789665945683	242.33859632600368
0.0	699.0	246.60896335564445	242.017478147305
0.0	700.0	243.01167891963956	242.32834289734717
0.0	701.0	290.54742709987755	282.55603007080975
0.0	702.0	251.13357815951863	247.35590562035532
0.0	703.0	246.27776538564478	242.6601225765458
0.0	704.0	232.85193170854728	231.2322636458162
0.0	705.0	250.29782060355734	247.45573428991335
0.0	706.0	234.64669283523412	228.03378049994947
0.0	707.0	246.7416265635906	246.05098452970262
0.0	708.0	234.59004407360757	229.92441612270923
0.0	709.0	205.13625280685176	203.97475867992898
0.0	710.0	200.90982691272936	200.19196760705177
0.0	711.0	233.16016692288676	208.4913196075237
0.0	712.0	241.86328521174394	236.98252272282838
0.0	713.0	217.75492958282678	216.0056685347026
0.0	714.0	244.30759127835142	243.4827982690592
0.0	715.0	227.48064767555817	201.9212589709435
0.0	716.0	233.39421829485724	212.36672687815593
0.0	717.0	224.22303561369228	213.02983774894102
0.0	718.0	216.64037326404787	214.96121190727982
0.0	719.0	246.24734164635558	242.68292199066278
0.0	720.0	251.12386443283634	247.24659009678757
0.0	721.0	217.85076350644388	212.1823706074001
0.0	722.0	232.47162780825624	202.17160450901696
0.0	723.0	208.8091091590355	202.31576080280678
0.0	724.0	238.62377967014237	237.92416197842678
0.0	725.0	218.40334976441312	216.65738881544732
0.0	726.0	233.78568552127552	231.9702448036832
0.0	727.0	234.52008373123297	212.1137793557456
0.0	728.0	231.80003713277685	230.03376203205653
0.0	729.0	226.6973008808413	213.62669847653342
0.0	730.0	245.93489326716033	242.95539440953266
0.0	731.0	232.08476315826022	230.24766025542982
0.0	732.0	251.73554372356992	251.4484854486455
0.0	733.0	248.85703095024664	248.4014582167215
0.0	734.0	249.5036076799627	249.0094525518039
0.0	735.0	200.8532826060293	200.14250561127656
0.0	736.0	219.3966189320891	217.64491504028135
0.0	737.0	239.5046902282385	237.53052433565543
0.0	738.0	224.92230117400192	212.60013189550443
0.0	739.0	250.37594698308973	249.85344965519838
0.0	740.0	260.01637936875693	254.08272685147023
0.0	741.0	206.28126918506948	205.24185131745298
0.0	742.0	241.87333244630835	241.23585930462139
0.0	743.0	246.72246007371993	242.43959296923563
0.0	744.0	233.0664408989651	231.18980948574708
0.0	745.0	247.06411718871	246.3507851278891
0.0	746.0	201.02971519467636	200.26939227035135
0.0	747.0	244.67803168628862	243.8257354104653
0.0	748.0	240.5857129354038	227.5424610059439
0.0	749.0	200.75754893563973	199.93752887433567
0.0	750.0	245.69388083662733	242.43754310200111
0.0	751.0	218.97166670077192	217.21305329226175
0.0	752.0	201.3295878234474	199.50445398395487
0.0	753.0	250.32064786050404	249.92391035995908
0.0	754.0	260.40792543025196	251.9914892930033
0.0	755.0	244.4732551443387	243.67641420496855
0.0	756.0	241.72115396767379	236.72533142340924
0.0	757.0	201.30051904741626	199.61717413273186
0.0	758.0	242.32801173963753	203.30332890656078
0.0	759.0	259.4587898414365	254.57939505919165
0.0	760.0	217.48103957150084	215.75661840154385
