clade	species	ts	te
0.0	Abyssomedon	111.3455135975976	110.76880745245246
0.0	Acadiella	57.11634875475475	55.56973761061061
0.0	Acaenasuchus	51.87755906106106	33.628510869869864
0.0	Acallosuchus	46.91349981681681	44.99871064764765
0.0	Acerosodontosaurus	80.08541307407408	79.9679553013013
0.0	Acleistorhinus	104.30692425425424	103.05470286186187
0.0	Acrodenta	81.93542859759759	81.81637086486487
0.0	Actiosaurus	30.03009377777778	29.116538045045044
0.0	Adamanasuchus	42.58628183983984	40.794593073073074
0.0	Adelosaurus	81.17277062462463	81.06061572072073
0.0	Aenigmasaurus	74.82971432832834	74.43839425225225
0.0	Aenigmaspina	56.979446104104106	55.433222013013015
0.0	Aenigmastropheus	81.27286872972974	81.16725770370371
0.0	Aetosauroides	59.70519320020019	34.65757767067067
0.0	Aetosaurus	51.7428600990991	33.29806910310311
0.0	Agkistrognathus	75.14580585785785	74.72446411511513
0.0	Agnosphitys	57.97093507207207	56.36286295395396
0.0	Alexeyisaurus	42.798201294294294	41.01749864564565
0.0	Alwalkeria	58.666266175175174	57.267773118118114
0.0	Amanasaurus	57.90435547447448	35.158235564564556
0.0	Ammorhynchus	72.20336775375375	69.80296057957959
0.0	Ammosaurus	26.45929770870871	24.413896902902906
0.0	Amotosaurus	72.19438405205204	68.70784413313312
0.0	Anarosaurus	71.77216151651652	67.6831373933934
0.0	Anchisauripus_Temperate_N	49.01777422222222	23.594137524524523
0.0	Anchisauripus_Tropical_N	51.21038856556556	23.671941878878876
0.0	Ancistronychus	48.138974746746754	46.24692644744745
0.0	Angistorhinus	61.942798934934935	36.15752658358359
0.0	Anisodontosaurus	71.96951740440441	62.98542223623624
0.0	Anomoepus_Temperate_N	26.411183571571573	24.33782378278278
0.0	Anomoepus_Tropical_N	47.531663146146144	24.04685137937938
0.0	Anomoiodon	72.23232813713713	68.50853053753752
0.0	Anshunsaurus	64.72022422022022	53.48419302102102
0.0	Anthodon	84.37162634334334	79.06080234434435
0.0	Anticheiropus	25.79204685985986	24.903439854854856
0.0	Apachesuchus	45.44084865965966	43.50881925225225
0.0	Apatopus_Temperate_N	57.72069228128128	56.21663925625626
0.0	Apatopus_Tropical_N	52.7767867997998	26.837294899899895
0.0	Apatopus_Tropical_S	57.75213782582582	56.282261372372375
0.0	Apatosuchus	40.879075107107106	39.226723911911904
0.0	Aphelosaurus	121.06039993993996	120.11003175875875
0.0	Araeoscelis	115.3773700990991	97.08878276976976
0.0	Archeopelta	65.0166815995996	64.26895325025025
0.0	Archosaurus	85.2003790970971	81.63487728028028
0.0	Arcticodactylus	44.36869555655656	42.578287666666675
0.0	Arganaceras	82.23144720520521	82.09209422422423
0.0	Arganasuchus	58.759365314314316	52.14007457657658
0.0	Argoides	26.560158167167167	24.459729310310312
0.0	Arizonasaurus	72.09720148548548	69.939945005005
0.0	Asilisaurus	72.16586743643643	66.93792897897897
0.0	Askeptosaurus	69.11007083183182	61.192047008008004
0.0	Asperoris	70.79021988388388	70.10419744444444
0.0	Asylosaurus	33.47546912912914	26.496577013013013
0.0	Atopodentatus	69.9315083133133	68.79877762362362
0.0	Atreipus_Temperate_N	58.55334803103103	57.06770350050051
0.0	Atreipus_Tropical_N	56.54656554154154	39.81975575675675
0.0	Augustaburiania	75.28079396196196	72.41356577777778
0.0	Augustasaurus	68.25596613613612	67.56574880480481
0.0	Australothyris	86.92716676276277	86.49840558258258
0.0	Austriadactylus	39.89419448448449	34.43310266766766
0.0	Austriadraco	36.84636780580582	35.08698141041041
0.0	Avalonnectes	25.77923467667668	24.90534074574575
0.0	Avicranium	29.43439042642643	28.601684054054054
0.0	Azendohsaurus	57.16351564364364	55.59038981181181
0.0	Baeotherates	111.8008797037037	111.42903062362362
0.0	Baisesaurus	73.46922216016016	73.0267801871872
0.0	Barasaurus	85.39680442342343	74.48292943343343
0.0	Barberenasuchus	64.83580916416416	64.13430256456458
0.0	Barracudasauroides	71.66472975675674	66.99578478678679
0.0	Barracudasaurus	71.8760457007007	66.95172352152153
0.0	Barrancapus	48.23095792892892	46.33339897797797
0.0	Bashkyroleter	97.63649818418419	89.42145705805805
0.0	Batrachopus_Temperate_N	71.49928584584585	26.655751676676676
0.0	Batrachopus_Tropical_N	40.0482744994995	24.131384119119122
0.0	Batrachotomus	64.79319216416415	61.21451673473473
0.0	Belebey	95.25087603603603	89.20786752152152
0.0	Benggwigwishingasuchus	70.6033909049049	69.89357203603603
0.0	Bentonyx	70.78728115115116	70.04184937937937
0.0	Bergamodactylus	40.503652907907906	38.893078874874874
0.0	Besanosaurus	66.41506079179179	65.66633828828827
0.0	Blezingeria	69.07597872272272	68.32976734634633
0.0	Blomosaurus	76.74665241141142	76.45558810510511
0.0	Bobosaurus	61.04064032132133	59.744493649649655
0.0	Bolosaurus	120.4556201061061	100.96391619119119
0.0	Boreopricea	75.27511313913915	73.2140112922923
0.0	Brachychirotherium_Temperate_N	59.01994487987988	57.698246410410405
0.0	Brachychirotherium_Tropical_N	56.77238436336336	28.395721564564564
0.0	Brachychirotherium_Tropical_S	58.601134437437445	52.9578242972973
0.0	Bradysaurus	89.64670742842843	83.9134036096096
0.0	Brasinorhynchus	66.0328132862863	62.015349175175174
0.0	Brazilosaurus	115.9319967037037	107.18256117617616
0.0	Bromsgroveia	71.9412336016016	67.12593786386385
0.0	Broomia	88.52358108308309	84.57837015415416
0.0	Bunostegos	77.77355223823824	77.63251887287286
0.0	Buriolestes	60.083813992993	34.82116133633634
0.0	Bystrowisuchus	74.92963324624624	74.49230130630629
0.0	Callawayia	47.71681262962962	36.50403946446447
0.0	Calyptosuchus	58.9926116956957	33.190972640640645
0.0	Camelotia	32.62557031931932	28.129301453453454
0.0	Camposaurus	43.600871887887884	41.77625961661662
0.0	Candelaria	67.01659085185186	61.3024437977978
0.0	Captorhinikos	108.3235906896897	98.1534117937938
0.0	Captorhinoides	106.5904417057057	98.89081232532531
0.0	Captorhinus_Temperate_S	81.34523098498498	81.23168765365367
0.0	Captorhinus_Tropical_N	112.0321781121121	97.68199443443444
0.0	Captorhinus_Tropical_S	115.58023467067068	99.2579014034034
0.0	Cargninia	43.03293417117117	41.28174042042042
0.0	Carnufex	56.87462333733734	55.41488501301301
0.0	Cartorhynchus	73.27222727627627	72.83496907207207
0.0	Caseosaurus	40.70364450950951	39.065488669669676
0.0	Caviramus	32.227338014014016	31.050905896896897
0.0	Ceresiosaurus	67.22831837837836	62.25212942542542
0.0	Chalishevia	67.07848064164165	61.54751242442442
0.0	Chanaresuchus	66.97263444844845	61.67467658158158
0.0	Chaohusaurus	75.19503988488488	66.78045661261261
0.0	Chasmatosuchus	76.78558405605605	72.2126731851852
0.0	Chelyoposuchus	30.04273035135135	29.10805178878879
0.0	Chinchenia	65.74073244644644	64.95010470770771
0.0	Chindesaurus	51.55358997997998	36.14717094094094
0.0	Chinshakiangosaurus	25.67193397397397	24.804344935935934
0.0	Chirotherium_Temperate_N	60.47092085485486	27.925076056056056
0.0	Chirotherium_Temperate_S	66.10544311611612	62.41296641441442
0.0	Chirotherium_Tropical_N	77.00945961861862	35.81676912512512
0.0	Chromogisaurus	58.96122904604604	57.50431532632633
0.0	Clarazia	68.58148702302303	67.87034302202203
0.0	Claudiosaurus	85.238435992993	76.74096864564565
0.0	Clevosaurus_Temperate_N	62.018177778778785	24.204226526526526
0.0	Clevosaurus_Temperate_S	58.52454457857858	33.46040522022022
0.0	Coahomasuchus	58.55671607907908	41.96043506606607
0.0	Coartaredens	71.70440768568568	67.3953475015015
0.0	Coburgosuchus	46.88075082982983	45.061890357357356
0.0	Coelodontognathus	75.1351739039039	72.2990336056056
0.0	Coelophysis_Tropical_N	53.1466023003003	24.978274822822822
0.0	Coelophysis_Tropical_S	42.353658893893886	40.60548303403403
0.0	Coelurosauravus_Temperate_N	81.979031997998	81.87171943443444
0.0	Coelurosauravus_Temperate_S	83.17424820920921	77.79484325525526
0.0	Coelurosaurichnus_Temperate_N	71.39216336236235	27.86316575975976
0.0	Coelurosaurichnus_Tropical_N	71.25016808908909	36.59920096296297
0.0	Coelurosaurichnus_Tropical_S	58.513555447447445	53.91108877577578
0.0	Coletta	74.25914909209209	73.83181518518519
0.0	Collilongus	74.33999844444445	73.93803124224225
0.0	Colobomycter	115.42967387487488	107.97536274374373
0.0	Colobops	42.68938147447448	40.87463865165165
0.0	Coloradisaurus	48.35496665265266	36.69112984984986
0.0	Coloradisuchus	43.03609938238239	41.249753110110106
0.0	Concavispina	56.526225456456466	55.033200701701695
0.0	Contectopalatus	68.18987589189189	67.4725831971972
0.0	Corosaurus	73.71832682482483	72.23428426026027
0.0	Cosesaurus	63.55234101901902	62.73452275475476
0.0	Crosbysaurus	53.02803367667667	33.705413294294296
0.0	Ctenosauriscus	73.50199375875876	73.06053232932933
0.0	Cyamodus	71.54556975575575	52.98336774974975
0.0	Cymatosaurus	71.90702619219218	67.35836322922923
0.0	Cymbospondylus_Temperate_N	70.31206472072071	61.162804115115115
0.0	Cymbospondylus_Tropical_N	74.22813415515516	62.62822480380381
0.0	Czatkowiella	74.23605127027028	73.81882984284286
0.0	Dactylosaurus	72.00266273473473	67.44000577777778
0.0	Daemonosaurus	30.697006423423424	29.755717020020022
0.0	Dagasuchus	59.0424785035035	57.58353581281282
0.0	Dawazisaurus	69.19020338938938	68.4660983923924
0.0	Decuriasuchus	68.9823933023023	61.34320171171171
0.0	Delatorrichnus	25.741186651651653	24.865615908908914
0.0	Delorhynchus	114.68267777677679	107.42186517517517
0.0	Deltadectes	46.3460867967968	29.002853559559558
0.0	Deltavjatia	89.82116056056056	84.62026300000001
0.0	Desmatosuchus	58.56349380580581	33.82139723123123
0.0	Diandongosaurus	69.59695255955955	68.87002948848848
0.0	Diandongosuchus	64.6047015125125	63.798896113113116
0.0	Dianmeisaurus	70.28375032432433	67.88418325325324
0.0	Dianopachysaurus	69.60984101501502	68.86934765065065
0.0	Dimetropus	115.8024330880881	107.1855344874875
0.0	Dimorphodon	25.881937634634635	25.029558820820824
0.0	Dinocephalosaurus	69.90364449949949	68.67760085585586
0.0	Diphydontosaurus_Temperate_N	61.7831408968969	26.68382044044044
0.0	Diphydontosaurus_Tropical_N	40.51518257857858	38.93849866066066
0.0	Diphydontosaurus_Tropical_S	45.38720483183183	43.6033912032032
0.0	Dolabrosaurus	41.11062901601602	39.41441127027027
0.0	Dolerosaurus	55.1016260980981	53.60361592292293
0.0	Dolichobrachium	58.7948482122122	57.30361043943943
0.0	Doliovertebra	70.49386372672673	69.72481968868868
0.0	Dongusuchus	71.04905252952952	67.12361395795794
0.0	Dorosuchus	70.99500905405404	68.00643458758759
0.0	Doswellia	62.46109434634634	35.372328926926926
0.0	Dracoraptor	25.901245381381383	25.0145166006006
0.0	Drepanosaurus_Temperate_N	41.210848518518524	39.494682102102104
0.0	Drepanosaurus_Tropical_N	49.72227458558559	28.279003822822826
0.0	Dromomeron_Temperate_S	44.36318986786787	42.5664184044044
0.0	Dromomeron_Tropical_N	50.56509106306306	28.321601953953955
0.0	Dromomeron_Tropical_S	50.85212591191192	34.954463642642644
0.0	Dyoplax	57.015762937937936	55.541489751751755
0.0	Ebrachosuchus	58.31508321321321	56.8201703043043
0.0	Effigia	33.48902944344345	26.92375531231231
0.0	Efraasia	44.568170127127125	36.391984985985985
0.0	Eifelosaurus	71.11219570870871	70.29493284284285
0.0	Elachistosuchus	30.421152913913915	29.52359613213213
0.0	Elessaurus	74.16201717217217	73.7603939049049
0.0	Elginia	82.31020096496495	76.78351744644644
0.0	Embrithosaurus	89.6803791081081	84.58002014814815
0.0	Emeroleter	89.78151683083082	84.88713484384384
0.0	Endennasaurus	40.403851599599605	38.8175326926927
0.0	Energosuchus	66.46295516516516	61.6763916966967
0.0	Eodromaeus	56.02299096096096	54.51515638938939
0.0	Eohupehsuchus	73.20551982482483	72.77367093993995
0.0	Eohyosaurus	71.32837826326326	67.49057934234234
0.0	Eomurruna	76.84014367067067	76.21228740140141
0.0	Eoplesiosaurus	25.749208612612613	24.886027056056054
0.0	Eoraptor	60.527689896896895	54.441271164164164
0.0	Eorasaurus	87.43762317417418	87.00008206906908
0.0	Eorhynchochelys	56.745696457457456	55.17295613513513
0.0	Eosauropus_Temperate_N	50.617044920920925	38.03241382882882
0.0	Eosauropus_Tropical_N	50.70425302402403	34.88689049349349
0.0	Eretmorhipis	65.75234971171172	65.07518708508509
0.0	Erpetosuchus	43.60675155255255	41.87071329129129
0.0	Erythrosuchus	72.03942655655656	67.12897875475474
0.0	Erythrovenator	58.524626185185184	56.99470888088088
0.0	Eshanosaurus	25.716383004004005	24.878745694694693
0.0	Eubrontes_Temperate_N	52.133960420420415	24.183784040040038
0.0	Eubrontes_Tropical_N	51.282521236236235	24.20060610710711
0.0	Eucoelophysis	47.52748622722723	27.669299486486484
0.0	Eudibamus	111.88553122522524	111.58481543843845
0.0	Eudimorphodon	45.20315494194194	26.225122186186187
0.0	Eumetabolodon	74.1047635055055	67.69612028328328
0.0	Eunotosaurus	89.73352611611611	84.68374034034034
0.0	Euparkeria	71.80434167267268	66.96308720820821
0.0	Eurhinosaurus	25.87148593893894	24.960737467467464
0.0	Eurycleidus	26.114449930930935	25.245451632632633
0.0	Eusaurosphargis	71.65004573773774	63.739368879879876
0.0	Euscolosuchus	59.02227422822823	57.555747633633636
0.0	Evazoum	57.71254022522522	28.30642375175175
0.0	Fasolasuchus	44.260644066066064	42.45701499299299
0.0	Faxinalipterus	46.511514004004006	36.47628064064064
0.0	Feeserpeton	111.3006322222222	110.84970201101102
0.0	Feralisaurus	70.29606191491492	69.54558972272272
0.0	Fodonyx	72.21787337537539	66.95614993893895
0.0	Fraserosphenodon_Temperate_N	57.73025909209209	56.10829712112112
0.0	Fraserosphenodon_Tropical_S	42.634517280280285	41.00737929229229
0.0	Fraxinisaura	63.78263683883884	63.04242798898899
0.0	Fugusuchus	71.64114853953953	71.01255627627627
0.0	Fuyuansaurus	64.53618287687688	63.834657490490486
0.0	Galesphyrus	83.17402891591591	80.196883002002
0.0	Gamatavus	66.3770715975976	62.57961876676677
0.0	Gansurhinus	97.39649207007007	80.46504125025024
0.0	Garjainia_Temperate_N	75.31629420720722	72.15500663063064
0.0	Garjainia_Temperate_S	76.07227839239239	72.09872613913915
0.0	Garzapelta	43.76394422322322	41.88378469069069
0.0	Gecatogomphius	101.08388041741742	93.22228476576576
0.0	Gephyrosaurus	31.958572997997997	27.557657650650654
0.0	Glaurung	81.0264684954955	80.92302154254253
0.0	Glyphoderma	63.86532783383383	63.00060831431432
0.0	Gnathovorax	57.99663701501501	41.769497896896894
0.0	Gojirasaurus	43.399402082082084	41.58602556756757
0.0	Gomphiosauridion	56.71887358158158	55.267090424424424
0.0	Gorgetosuchus	57.97761015315315	56.581683593593596
0.0	Gracilisuchus	66.27138474574573	61.880178200200206
0.0	Grallator_Temperate_N	58.54192598898899	23.749571726726728
0.0	Grallator_Temperate_S	58.008237629629626	39.7522214014014
0.0	Grallator_Tropical_N	59.296100344344346	24.23062534534534
0.0	Graoullyodon	31.71277474074074	30.699908489489488
0.0	Gregaripus	52.67679263863864	37.65976355055055
0.0	Gresslyosaurus	48.38430043443444	32.88111776276276
0.0	Grippia	75.60187037237236	72.38820657457458
0.0	Guaibasaurus	51.636391784784784	33.449815486486486
0.0	Gualosuchus	66.31762357357358	62.359167340340335
0.0	Guanlingsaurus	58.36156584384385	52.61165033833833
0.0	Guchengosuchus	70.20876799499499	69.45607588088087
0.0	Guizhouichthyosaurus	66.02533037337338	52.20706772272272
0.0	Gulosaurus	75.87150661261262	74.3541586966967
0.0	Gunakadeit	42.67611117217217	40.98925662462462
0.0	Gwyneddichnium	50.95019275175174	26.74206160860861
0.0	Gyposaurus	26.57454970970971	24.65902078178178
0.0	Halazhaisuchus	70.16710986086086	69.40353156256256
0.0	Haligonia_Temperate_N	32.99119162962963	27.716305262262264
0.0	Haligonia_Tropical_N	57.27002018918919	55.75492874174174
0.0	Hanosaurus	74.63218364164165	74.213063993994
0.0	Helcura	26.598374573573572	24.581071864864867
0.0	Helveticosaurus	67.11762761861861	66.4170335075075
0.0	Hemilopas	73.07431403103102	67.88447701401401
0.0	Hemiprotosuchus	49.63386079079079	37.89627399599599
0.0	Heptasuchus	57.25079574174173	55.87196684684685
0.0	Herrerasaurus	61.4685017007007	52.15380022322322
0.0	Hescheleria	68.00914465365365	67.37220426926926
0.0	Hesperosuchus	51.706945747747746	27.62819912012012
0.0	Heterodontichnites	58.61074351051052	39.528125172172174
0.0	Heteropelta	70.13346644144144	69.37772011211212
0.0	Himalayasaurus	40.73699877677678	39.09400653153154
0.0	Hispaniasaurus	64.93294825825826	64.21177890890891
0.0	Honghesaurus	69.57997801701703	68.82683101601602
0.0	Horaffia	65.03079452152151	61.36817173873873
0.0	Hovasaurus	84.60711246446448	74.95918668368368
0.0	Howesia	70.71426643343344	68.00057686186184
0.0	Hudsonelpidia	43.30254445445445	41.513957863863865
0.0	Hupehsuchus	75.5381297987988	62.83529449249249
0.0	Hwiccewyrm	61.50245344144144	52.4370874014014
0.0	Hyloidichnus	81.46138459859861	76.84113058658659
0.0	Hyperodapedon_Temperate_S	61.61271629129129	33.220716971971974
0.0	Hyperodapedon_Tropical_N	59.69536698798799	54.129151198198194
0.0	Hypselorhachis	69.9845385005005	69.22711033133133
0.0	Hypsognathus_Temperate_N	29.838566905905907	28.920079047047043
0.0	Hypsognathus_Tropical_N	57.991614375375384	28.456297895895894
0.0	Hypuronector	46.59115051651652	35.58462367267267
0.0	Icarosaurus	44.865207957957956	42.95324307107107
0.0	Ichthyosaurus_Temperate_N	33.45903411911912	24.287239153153152
0.0	Ichthyosaurus_Tropical_N	50.68112158858858	34.59702763863864
0.0	Ichthyotitan	30.456648050050045	29.603000227227227
0.0	Idiosaura	58.745866035035036	57.269688956956955
0.0	Ignotosaurus	57.27109945745745	55.76656647147148
0.0	Incertovenator	56.08289977377377	54.626048004004005
0.0	Ingentia	44.33370557757758	42.561064811811804
0.0	Isfjordosaurus	73.3947733903904	72.94798267967967
0.0	Ixalerpeton	61.306746713713714	38.751030006006005
0.0	Jaklapallisaurus	43.025240626626626	41.24621308508508
0.0	Jaxtasuchus	64.76892601001002	61.5185405015015
0.0	Jesairosaurus	70.89797051451451	70.20554126826826
0.0	Jingshanosaurus	26.57581704004004	24.198709311311312
0.0	Jushatyria	69.86739244044044	69.20139005505504
0.0	Kadimakara	76.82174233533534	76.23291887287286
0.0	Kalisuchus	76.60267246546547	76.27733172772771
0.0	Kapes_Temperate_N	76.15786804804804	68.86066602002002
0.0	Kapes_Tropical_N	71.7242732002002	67.88248007707708
0.0	Kayentapus_Temperate_N	26.537034016016015	24.321918035035036
0.0	Kayentapus_Tropical_N	53.23109548148148	24.635051793793796
0.0	Keichousaurus	74.46567648648647	60.98632235235236
0.0	Kholumolumo	52.97639046046046	34.209513939939946
0.0	Kinelia	83.0697651901902	82.94008206206206
0.0	Kintneria	49.73244742442443	34.63604484384384
0.0	Kitchingnathus	74.78829158458458	74.36622185385386
0.0	Kocurypelta	41.63902178078078	39.91658212212212
0.0	Koiloskiosaurus	71.79191954554555	71.06370553353352
0.0	Komlosaurus	26.631064436436436	24.284496619619617
0.0	Krzyzanowskisaurus	60.30867316416416	34.89744733633634
0.0	Kudnu	76.84975858458458	76.14136165365365
0.0	Kuehneosaurus	61.80156838838839	29.3177413053053
0.0	Kuehneosuchus	30.564455417417417	29.693440546546544
0.0	Kuruxuchampsa	56.88962348148148	55.47046618618619
0.0	Kwangsisaurus	75.73416568468468	72.98821730630631
0.0	Labidosaurikos	108.0593967967968	98.05737465065067
0.0	Labidosauriscus	115.31345878778778	106.991986
0.0	Labidosaurus	108.3049795205205	98.07975123523522
0.0	Lagerpeton	67.16303472172173	62.16334748448449
0.0	Lanceirosphenodon	42.674049939939934	40.946261115115114
0.0	Langeronyx	72.07953498698699	64.77899896996996
0.0	Langobardisaurus	42.57506481481482	33.814349778778784
0.0	Lanthaniscus	95.92286089489488	90.80448856056056
0.0	Lanthanolania	92.82325196696696	91.99680562562563
0.0	Lanthanosuchus	88.14958375475476	87.6560790900901
0.0	Laquintasaura	25.83057022422422	24.966222454454453
0.0	Largocephalosaurus	70.09279028728729	68.67986160660661
0.0	Lariosaurus	74.14702852252252	61.10059039239239
0.0	Lasasaurus	75.31567738138139	74.93078230830831
0.0	Lavinipes	26.09707065265265	24.41027545845846
0.0	Lepidus	43.15800880280281	41.34265190990991
0.0	Leptonectes	26.490237906906906	24.621843916916912
0.0	Leptosuchus	52.60799695395396	33.22419781981983
0.0	Lessemsaurus_Temperate_S	52.50342069669669	33.6028134034034
0.0	Lewisuchus	66.67701537837837	54.89493138638639
0.0	Libognathus	42.31481318318318	40.562251843843846
0.0	Liliensternus	51.44283201201201	28.671316646646645
0.0	Lindwurmia	25.984767995995995	25.132191586586586
0.0	Litorosuchus	65.1237678938939	64.39288985985986
0.0	Lophostropheus	30.895452741741742	30.002969561561564
0.0	Lotosaurus	72.2623704964965	67.05566323723723
0.0	Lucasuchus	60.51843942342342	52.34668922622623
0.0	Lucianosaurus	43.942727466466465	42.133452993994
0.0	Lucianovenator	44.667736056056064	42.92863557257257
0.0	Lufengosaurus	26.600869940940942	24.37471732932933
0.0	Lukousaurus	26.28997855655656	24.431445738738738
0.0	Luopingosaurus	69.73682716916916	68.96811114114115
0.0	Luperosuchus	65.94803503303305	62.722622800800806
0.0	Macgowania	45.313032132132136	35.30995416316316
0.0	Machaeroprosopus	52.508375463463466	26.322724142142143
0.0	Macrocnemus	71.90414094794795	61.482526646646654
0.0	Macrocollum	50.092368080080085	35.94153997797798
0.0	Macroleter_Temperate_N	96.8335548038038	89.48727080380381
0.0	Macroleter_Tropical_N	93.07452984384385	92.27254938038038
0.0	Macroplacus	31.736782128128127	30.8043195005005
0.0	Macroplata	26.10248115115115	25.268883297297297
0.0	Maehary	49.97359291791792	38.07746805805806
0.0	Majiashanosaurus	73.95731208608609	73.52097984684684
0.0	Malerisaurus	46.77391791691692	35.91982340940941
0.0	Malutinisuchus	65.90037961161163	61.93028748948949
0.0	Mambawakale	69.50963772072072	68.76397767967967
0.0	Mandaphon	70.21339117217218	69.45394446246246
0.0	Mandasuchus	71.905847995996	67.185092002002
0.0	Marasuchus	67.45375381181181	61.51514681081081
0.0	Marcianosuchus	71.2658028078078	70.52520336836837
0.0	Massospondylus	58.92281878978979	57.423034418418425
0.0	Mbiresaurus	60.75143053153153	53.12658666266267
0.0	Megachirella	68.76181942742743	68.027049001001
0.0	Megalancosaurus	42.77810663163163	33.91760162162162
0.0	Megalosauripus	26.021287819819822	25.170319371371374
0.0	Megalosaurus	29.306414635635637	28.44404851051051
0.0	Megapnosaurus	25.72869405105105	24.854433875875877
0.0	Mehliella	59.37350604904905	57.92149932232232
0.0	Melanorosaurus	43.80184868968969	42.04896483983985
0.0	Merriamosaurus	73.35326402402403	72.92072365565565
0.0	Mesodapedon	69.31973702502502	68.56998227427427
0.0	Mesosaurus_Antarctic	115.47780791391392	106.70268194394394
0.0	Mesosaurus_Temperate_S	115.52115992992992	108.1513561031031
0.0	Mesosuchus	72.0877997027027	67.1691492082082
0.0	Metamosaurus	111.58016397697698	111.12629407907907
0.0	Metashastasaurus	49.555639878878885	34.78864939239239
0.0	Microcnemus_Temperate_N	76.84376706006006	72.29958232532533
0.0	Microleter	111.60544905505505	111.14263533333332
0.0	Micromenodon	55.14747522322322	53.67028156056056
0.0	Microsphenodon	49.94784137437438	37.12939084284283
0.0	Mikadocephalus_Temperate_N	64.02307821821822	63.306109909909914
0.0	Mikadocephalus_Tropical_N	68.07842324024024	67.34818689589589
0.0	Milleretta	85.14953244244245	76.4796197977978
0.0	Millerinoides	80.33764980680681	80.22131609709709
0.0	Milleropsis	84.5815177917918	76.78124584084084
0.0	Millerosaurus	83.7428563993994	77.89675748148149
0.0	Miodentosaurus	59.93725327927928	54.15760656856856
0.0	Mixosaurus	72.01972862062061	62.398562773773776
0.0	Moradisaurus	81.84188599799799	76.50607165165165
0.0	Mystriosuchus_Temperate_N	52.049913090090094	24.384196246246248
0.0	Mystriosuchus_Tropical_N	43.418114877877876	34.10651478978979
0.0	Nambalia	49.473367044044046	34.61790483083083
0.0	Nanchangosaurus	73.54241581181182	65.25891142642642
0.0	Nanoparia	83.50446048448448	80.41061351651652
0.0	Neoaetosauroides	52.45593758858858	33.507983511511505
0.0	Neoprocolophon	69.60229477477478	68.88281756456458
0.0	Neusticosaurus	71.36472903803804	61.3992527937938
0.0	Nhandumirim	49.209025367367374	37.208508408408406
0.0	Nicrosaurus_Temperate_N	51.92172087887888	33.70854520820821
0.0	Nicrosaurus_Tropical_N	45.25550224024024	43.47278534734735
0.0	Nochelesaurus	89.383812002002	84.82722805605606
0.0	Notatesseraeraptor	43.045605802802804	41.31090982682682
0.0	Noteosuchus	76.60913636536536	76.27036154554555
0.0	Nothosaurus_Temperate_N	72.29087033533533	28.93733817117117
0.0	Nothosaurus_Tropical_N	71.23768723523524	61.43192272372372
0.0	Nothosaurus_Tropical_S	73.35354205005004	63.81510131231231
0.0	Nundasuchus	70.9302075875876	70.19109996896897
0.0	Nyasasaurus	71.77002089889889	68.03250732932933
0.0	Nycteroleter	95.37548967767768	90.8265927087087
0.0	Nyctiboetus	105.808460001001	93.48782158558558
0.0	Nyctiphruretus	99.02216367767768	85.26212048648648
0.0	Obirkovia	87.3191907007007	82.78756984884886
0.0	Odontochelys	57.340713831831835	52.8144251021021
0.0	Omphalosaurus_Temperate_N	73.6190563893894	62.59192645245245
0.0	Omphalosaurus_Tropical_N	73.49974160460461	63.04371988588589
0.0	Opisthodontosaurus	115.78743571171171	107.91281679579579
0.0	Orenburgia	75.99094099899901	72.3162175965966
0.0	Orovenator	113.50032405605604	107.2853733993994
0.0	Oryctorhynchus	60.20929311111111	54.834835642642645
0.0	Oryporan	75.7076735035035	73.61589572672672
0.0	Osmolskina	74.48271017817818	74.07999704304305
0.0	Otozoum	41.99403744944945	40.22599532432433
0.0	Owenetta	85.089307005005	74.49674777277278
0.0	Ozimek	58.00245630630631	53.14756933333333
0.0	Pachypes	78.30528645045045	78.19712577977977
0.0	Pachypleurosaurus	68.3767548938939	61.73804951351351
0.0	Pachystropheus	33.07182591091091	27.137320966966964
0.0	Palacrodon_Temperate_S	74.73062486086086	69.05345516516518
0.0	Palacrodon_Tropical_N	46.620253102102104	34.55993785885886
0.0	Palaeagama	77.83826954054055	77.66094767667667
0.0	Palaeochersis	50.53551982782783	37.41484076476476
0.0	Palaeosaurus	57.203223509509506	55.74479619919921
0.0	Palatodonta	70.26440724724725	69.49032752052051
0.0	Paleollanosaurus_Temperate_N	29.937477376376375	29.095822206206208
0.0	Paleollanosaurus_Tropical_S	41.52899813813814	39.71891418218218
0.0	Paliguana	74.03462292992992	73.6008124954955
0.0	Pamelaria	71.68388806006006	67.01468024924925
0.0	Pamelina	74.29394144644644	73.87329515515516
0.0	Pampadromaeus	58.60145524024024	38.73838436536536
0.0	Panguraptor	25.704000922922923	24.802061083083082
0.0	Panphagia	56.3649280940941	54.89536803703703
0.0	Pantydraco	58.9100627967968	57.411458850850856
0.0	Panzhousaurus	69.51233985085086	68.80470515515516
0.0	Pappochelys	64.14400462162162	63.463094401401406
0.0	Parabrontopodus_Temperate_N	26.454513338338337	24.369089277277276
0.0	Parahupehsuchus	73.05894090890891	72.64994431331331
0.0	Paralonectes	75.70921072172172	64.5152742062062
0.0	Paraplacodus	72.33168156456458	61.75889194394395
0.0	Pararcus	69.99616551651651	69.26109655555555
0.0	Parasaurus	84.93849049249249	79.52882961061061
0.0	Parasuchus_Temperate_N	75.61760185585585	50.7799341001001
0.0	Parasuchus_Temperate_S	60.63856269169169	54.62567925525526
0.0	Parasuchus_Tropical_N	60.98884689089089	42.27230187987988
0.0	Parasuchus_Tropical_S	51.74398236636636	39.27413350650651
0.0	Paratypothorax_Temperate_N	51.87831043243243	34.96455254654655
0.0	Paratypothorax_Tropical_N	52.394598205205206	33.629633886886886
0.0	Paratypothorax_Tropical_S	45.48730232932933	43.6856202012012
0.0	Pareiasaurus	89.6832256956957	77.18258445145145
0.0	Pareiasuchus	88.77028756356356	79.0492738008008
0.0	Parringtonia	69.48289928428429	68.73251019019018
0.0	Partanosaurus	64.7239206976977	64.01989902402403
0.0	Parvinatator	70.5424271911912	69.9161035965966
0.0	Parvosuchus	64.47120032232232	63.789802891891895
0.0	Pectodens	69.69581772072073	69.0150215955956
0.0	Pelecymala	60.331377694694694	52.875344041041046
0.0	Pendraig	57.64053317117118	56.13655265465466
0.0	Pentaedrusaurus	72.02856694694694	71.39931456756759
0.0	Permotriturus	89.44678032132133	88.80339195095097
0.0	Pessopteryx	73.46623185885886	68.77833851151152
0.0	Peteinosaurus	42.09003358858859	37.50535944744745
0.0	Phaanthosaurus	76.90957638138138	76.14232692192192
0.0	Phalarodon_Temperate_N	76.22371048348349	66.06999469369369
0.0	Phalarodon_Tropical_N	71.31203829129129	64.81147576276277
0.0	Phantomosaurus	69.64549794594595	68.85686090890891
0.0	Phonodus	76.55980575375375	76.21278667167168
0.0	Pisanosaurus	57.59709878978979	55.959952775775776
0.0	Pistosaurus	71.13810414914914	61.98379118618618
0.0	Placochelys	61.435781689689684	38.42897883783784
0.0	Placodus_Temperate_N	71.9549545035035	61.92622348148148
0.0	Placodus_Tropical_N	70.78880295095095	68.24412474074073
0.0	Placodus_Tropical_S	72.7200517147147	64.42362638938938
0.0	Planocephalosaurus_Temperate_N	62.28020136036036	27.64877353153153
0.0	Planocephalosaurus_Tropical_S	41.13548858058058	39.26037985885886
0.0	Plateosauravus	51.60576954754755	34.66301450850851
0.0	Plateosaurus_Temperate_N	52.26759393793794	25.19677948048048
0.0	Plateosaurus_Temperate_S	50.37959332332333	34.90123137737738
0.0	Platypterna	45.88627402702703	23.810718448448448
0.0	Plectropterna	26.64058453053053	24.302061749749747
0.0	Plesiornis	26.005376211211214	25.172787882882883
0.0	Plesiosaurus	33.29180992692692	24.60454970770771
0.0	Polesinesuchus	58.26482080780781	56.68392765965966
0.0	Polonosuchus	54.94295208108108	53.49624586486487
0.0	Polymorphodon	64.15920928528529	63.43834617317317
0.0	Poposaurus	60.77190489089089	28.59936091891892
0.0	Postosuchus	57.69706764764765	26.847363001001007
0.0	Powellvenator	45.169809831831834	43.472090509509506
0.0	Pravusuchus	43.11941272172172	41.36907105105105
0.0	Preondactylus	42.61483623623623	34.62441038438438
0.0	Prestosuchus	67.05033957357357	56.36108339339339
0.0	Procerosuchus	65.01874895795795	64.30457334234235
0.0	Procolina	74.49811531631632	74.05920572972974
0.0	Procolophon	76.84721349649651	72.10862986886886
0.0	Procolophonichnium_Temperate_N	70.81655284284284	68.05022560860861
0.0	Procolophonichnium_Temperate_S	74.95605881881883	74.5365035095095
0.0	Procompsognathus	40.548668853853854	38.936813224224224
0.0	Proganochelys_Temperate_N	51.94197862562562	28.220621245245244
0.0	Proganochelys_Tropical_N	41.92810705805806	40.28414461761762
0.0	Prolacerta	76.80112042442443	72.57042128028027
0.0	Prolacertoides	76.70404504804804	76.3926784894895
0.0	Prosantosaurus	66.19315966666667	65.48080234534534
0.0	Prosaurosphargis	73.11049482582584	72.67089977277277
0.0	Protanystropheus	71.52521862862864	68.37324712912913
0.0	Protecovasaurus	51.529225399399394	35.30449883983984
0.0	Protenodontosaurus	60.672494780780774	59.25133905705706
0.0	Proteosaurus	26.31963183783784	24.591049899899904
0.0	Proterochampsa	57.02122614314314	55.52532555255255
0.0	Proterochersis	50.59483047447448	34.95521937137138
0.0	Proterosuchus_Temperate_N	76.8109427017017	76.23496815015015
0.0	Proterosuchus_Temperate_S	76.83787087187187	72.15859272272273
0.0	Protoavis	51.69844457557558	35.32805422522523
0.0	Protocaptorhinus	115.01482188888889	106.58191266066066
0.0	Protoichthyosaurus	26.12011593593593	25.31338507107107
0.0	Protome	39.8932746026026	38.195245850850846
0.0	Protorosaurus	85.23820996296296	79.0757149119119
0.0	Protorothyris	124.0602405795796	118.4653713923924
0.0	Protosuchus	31.75503269269269	24.21275732032032
0.0	Provelosaurus	92.23914963663664	87.7684521981982
0.0	Psephochelys	55.49176359059059	54.00310724724724
0.0	Psephoderma_Temperate_N	32.836160102102106	26.743709638638638
0.0	Psephoderma_Tropical_N	42.384243098098096	37.554900783783786
0.0	Psephoderma_Tropical_S	68.89563393193193	66.10044033933934
0.0	Psephosauriscus	71.53325198498499	63.83764418618619
0.0	Psephosaurus_Temperate_N	63.58539684084085	62.77760771571572
0.0	Psephosaurus_Tropical_S	70.55254488388388	66.75878092892893
0.0	Pseudhesperosuchus	43.202749777777775	41.47206638538538
0.0	Pseudochampsa	56.54343005105105	55.1033084054054
0.0	Pseudotetrasauropus_Temperate_N	42.419233827827824	40.69016834434435
0.0	Pseudotetrasauropus_Tropical_N	51.05042095995996	27.566823220220222
0.0	Pterodactylus	25.589547242242244	24.71435544144144
0.0	Pumiliopareia	82.12486033033035	82.01633187187188
0.0	Qianichthyosaurus	64.58792656356357	52.66579326226226
0.0	Qianosuchus	69.87376874474475	68.50830663563563
0.0	Qianxisaurus	64.7875977927928	64.09099969169169
0.0	Quasianosteosaurus	73.3675904244244	72.94228071771772
0.0	Raeticodactylus	34.02380508408409	32.691993461461465
0.0	Rautiania	88.88706132632633	83.99509821121121
0.0	Redondasuchus	48.97523547747748	34.428535690690694
0.0	Redondavenator	44.38214960760761	42.58783477577578
0.0	Revueltosaurus	58.553683178178176	33.054563737737745
0.0	Rhaeticosaurus	31.365541015015015	30.446777365365364
0.0	Rhipaeosaurus	92.51325902002002	86.02684475675676
0.0	Rhomaleosaurus	30.79102058958959	24.243019000000004
0.0	Rhombopholis	71.02549465365365	65.69355844844844
0.0	Rioarribasuchus	50.18199486786787	33.98453684484485
0.0	Riojasaurus	48.990446027027026	36.37364684784785
0.0	Riojasuchus	41.889021546546545	40.26364229429429
0.0	Romeria	121.69847461561562	120.77158574274274
0.0	Rothianiscus	97.12796683283284	89.64901843843845
0.0	Rotodactylus	44.09324919619619	42.34470591791792
0.0	Ruehleia	49.900114877877876	37.9943144034034
0.0	Rugarhynchos	43.11169036536536	41.21223129129129
0.0	Ruhuhuaria	69.08425940340341	68.35041592992994
0.0	Rutiodon	58.389410046046045	33.224616471471464
0.0	Sacisaurus	45.88513734734735	43.994110808808806
0.0	Saltoposuchus	46.43394544844845	36.20738436836837
0.0	Sanchiaosaurus	69.39417479679679	68.70130907507507
0.0	Sanchuansaurus	78.1452375935936	78.03490564064064
0.0	Sanjuansaurus	56.26325222522522	54.8292477937938
0.0	Santaisaurus	76.86033973673673	76.08776684884883
0.0	Sarcosaurus	25.9001398048048	24.986919155155157
0.0	Sarmatosuchus	70.27695673773773	69.56747262862864
0.0	Saturnalia	59.668897998999	39.93185394194194
0.0	Saurischichnus	51.4268129029029	34.40892181381381
0.0	Saurodektes	76.87598693093092	74.12266194994994
0.0	Sauropareion	76.52296481081082	72.585158011011
0.0	Sauropus	26.045576525525526	25.18373047047047
0.0	Saurorictus	82.2024404044044	82.0909084924925
0.0	Saurosternon	81.45875061361362	81.31400366066067
0.0	Saurosuchus	58.46118249449449	56.92328348648649
0.0	Scelidosaurus	25.9029685035035	25.019216637637633
0.0	Scharschengia	73.35159829829828	72.91041326826827
0.0	Schleitheimia	42.13031595695696	40.351050449449446
0.0	Sclerocormus	73.30793886086087	72.88878374974975
0.0	Sclerosaurus	72.22035460860862	68.70362191491492
0.0	Sclerostropheus	44.92715400900901	43.17017769869871
0.0	Scoloparia_Temperate_N	30.20775318418418	29.19335715815816
0.0	Scoloparia_Tropical_N	59.915043323323324	54.22287605205205
0.0	Scolotosuchus	74.38509009709709	73.93337931931933
0.0	Scutarx	51.9516018008008	33.89973782282283
0.0	Scutosaurus	90.11110213813814	81.86410892992994
0.0	Scythosuchus	74.60393131531532	74.177024005005
0.0	Seazzadactylus	45.526369802802805	43.774317796796794
0.0	Selenichnus	26.298232978978977	24.406102536536537
0.0	Serpianosaurus	71.70386157757758	62.04478877677677
0.0	Shansisuchus	72.3194834154154	66.8848736006006
0.0	Shastasaurus_Temperate_N	40.55930118818819	38.883131335335335
0.0	Shastasaurus_Tropical_S	61.79990296096096	53.37806024224225
0.0	Shihtienfenia	79.12652908208207	76.51214198898899
0.0	Shonisaurus_Temperate_N	58.056915765765766	27.26993331031031
0.0	Shonisaurus_Tropical_N	52.07198376576577	40.97386263463464
0.0	Shringasaurus	71.95127201101101	66.85976202502502
0.0	Shuangbaisaurus	25.836515227227228	24.943314946946945
0.0	Shuvosaurus	52.579056452452456	26.72074361961962
0.0	Sigmala	61.53158443043043	52.739059560560555
0.0	Sikannisuchus	52.3968278998999	35.37917630630631
0.0	Silesaurus	55.84378323523524	54.38083283983984
0.0	Sillosuchus	57.69893466866867	56.25343256656657
0.0	Simosaurus_Temperate_N	68.40640769469469	28.444218702702702
0.0	Simosaurus_Tropical_S	68.06806692992993	67.35193444844846
0.0	Sinocyamodus	56.3646255955956	54.86328037737737
0.0	Sinosaurosphargis	69.78783777677677	68.59138729829829
0.0	Sinosaurus	26.63552481181181	24.532020320320317
0.0	Skybalonyx	44.00961648448449	42.292748183183186
0.0	Smilodonterpeton	30.53429846746747	29.61749695295295
0.0	Smilosuchus	57.74550064464464	33.416064845845845
0.0	Sophineta	74.39762103203203	73.96801012112111
0.0	Soturnia	49.95568214214214	34.62652876876877
0.0	Soumyasaurus	43.24158957657658	41.509769909909906
0.0	Sphenotitan	50.776288805805805	35.757392413413406
0.0	Sphodrosaurus	43.037871184184176	41.285354707707704
0.0	Spinosuchus	57.48116851851852	39.05911946946947
0.0	Spondylolestes	81.72249511911913	78.19231967967968
0.0	Spondylosoma	66.50885906106106	62.04803221521521
0.0	Stagonolepis_Temperate_N	58.09074174674674	52.68999359059059
0.0	Stagonolepis_Tropical_N	51.068966874874874	34.30402716616616
0.0	Stagonolepis_Tropical_S	42.689343041041035	40.8461006046046
0.0	Stagonosuchus	71.97182924624624	67.54287258958959
0.0	Staurikosaurus	59.51582182982983	57.94209486986987
0.0	Stauromatodon	63.2345370920921	62.33069952552553
0.0	Stegomus	49.55944176176177	36.01333365065065
0.0	Stenaulorhynchus	71.75984473973975	67.00124242842843
0.0	Stenomyti	45.64780307307308	43.73289202502502
0.0	Stenoscelida	43.08639878578578	41.169615359359355
0.0	Stereosternum_Antarctic	111.8958613943944	111.2979934974975
0.0	Stereosternum_Temperate_S	115.81751676676677	107.72728813613612
0.0	Styracocephalus	89.37999506106107	84.60039825625624
0.0	Syntarsus	30.55731676476476	29.569342992992993
0.0	Syntomiprosopus	47.16324965865866	45.23480979779781
0.0	Tachiraptor	26.08909067967968	25.239501914914918
0.0	Tanaisosaurus	74.49846173073072	74.06621286986987
0.0	Tanystropheus_Temperate_N	71.5254167987988	27.108238503503504
0.0	Tanystropheus_Tropical_N	70.7575375985986	61.91794786086086
0.0	Tanystropheus_Tropical_S	70.56323222822823	67.84640492992993
0.0	Tanytrachelos	51.47377167967968	33.83834114014014
0.0	Tarjadia	66.55390196396397	61.319449256256256
0.0	Tarsodactylus	25.917462471471474	25.031853305305305
0.0	Tasmaniosaurus	76.82286284284284	76.1075217927928
0.0	Tawa	52.92178942842843	33.42341784984984
0.0	Taytalura	55.966113009009014	54.48792732532533
0.0	Technosaurus	41.57179573373373	39.79771817317317
0.0	Tecovasaurus	51.113331701701696	34.921585969969975
0.0	Tecovasuchus	52.16524837937938	34.67686661561562
0.0	Teleocrater	71.73878452552552	66.99420593893895
0.0	Temnodontosaurus	26.294036168168166	24.659125910910912
0.0	Teraterpeton	59.92672311811812	53.56343301701702
0.0	Teratophon	71.33133968968968	67.01256769169169
0.0	Teratosaurus_Temperate_N	68.37322317817818	39.7922244004004
0.0	Teratosaurus_Temperate_S	75.55976600200201	75.12692394694695
0.0	Termatosaurus	33.755552194194195	27.007502802802804
0.0	Terrestrisuchus	61.482559543543545	53.53146907207207
0.0	Tetrasauropus_Temperate_N	45.42153852452452	43.62860024024024
0.0	Tetrasauropus_Temperate_S	69.73957761461462	62.64913213713714
0.0	Teyujagua	74.52584043143143	74.08425711511512
0.0	Teyumbaita	49.349694093093085	33.468312128128126
0.0	Thadeosaurus	81.64655241141142	81.51487466766767
0.0	Thaisaurus	73.1862696146146	72.75561447547547
0.0	Thalassiodracon	33.334448925925926	24.103007086086087
0.0	Thalattoarchon	69.65616464264265	68.9157566086086
0.0	Thalattosaurus	70.29288809509508	65.08035281581581
0.0	Thecodontosaurus	68.64716304304305	25.894728799799797
0.0	Theledectes	69.67138957757757	68.95279604304304
0.0	Thelephon	70.0954658048048	69.3090705875876
0.0	Thelerpeton	71.6037066026026	67.8924233953954
0.0	Tholodus_Temperate_N	71.82201262962963	67.32145526126126
0.0	Tholodus_Tropical_N	68.7821696036036	68.07487248448447
0.0	Thuringothyris	115.84070844744745	106.58391358558558
0.0	Tichvinskia	75.84930963163163	72.21905509809808
0.0	Ticinosuchus	71.10306189689689	67.6738303873874
0.0	Tikisuchus	57.81545231831832	56.3015584994995
0.0	Timanophon	75.60611926726726	72.42771771371372
0.0	Toretocnemus	60.22458447747748	53.24399851151151
0.0	Trachelosaurus	71.73606181581582	70.99281094794794
0.0	Trialestes	60.36774046546547	52.782480317317315
0.0	Tricuspisaurus	29.857289081081085	29.05560897097097
0.0	Trihamus	25.8915596986987	25.05945597597598
0.0	Trilophosaurus	58.264933552552556	33.37860229629629
0.0	Tropidosuchus	67.25928738438438	61.59147838538539
0.0	Tuebingosaurus	42.51710225325324	40.77412594594594
0.0	Turfanosuchus	70.82061264864865	70.079124007007
0.0	Typothorax	52.53014205505506	27.063265384384387
0.0	Uatchitodon	59.15184442642642	36.93122767467467
0.0	Unaysaurus	47.16693457657658	37.055708161161164
0.0	Unguinychus	41.460818121121115	39.75508681481481
0.0	Uralosaurus	71.17670257757757	67.80059275375375
0.0	Utatsusaurus	75.8398748018018	72.39673994994996
0.0	Vallesaurus	42.688246419419414	37.15673374974975
0.0	Vancleavea	59.19467624624625	27.57213748748749
0.0	Variodens	33.237730050050054	26.70766286086086
0.0	Vellbergia	63.46951823423423	62.61774392092093
0.0	Velocipes	45.24914585485485	43.50574371671672
0.0	Venaticosuchus	56.79219736036036	55.25536435635636
0.0	Venetoraptor	58.79827602702703	37.94157497397397
0.0	Vinitasaura	57.94210005005005	56.37644857657658
0.0	Vivaron	50.538652561561555	33.71954531631632
0.0	Vjushkovisaurus	71.14704757357359	67.53950288588588
0.0	Volcanosuchus	56.31854650250251	54.83163684384384
0.0	Vonhuenia	76.61258583183182	76.28004870470471
0.0	Vritramimosaurus	74.7995077067067	74.37391875075073
0.0	Vytshegdosuchus	74.76638167667667	74.34925302502502
0.0	Wahlisaurus	25.652603422422423	24.841819671671676
0.0	Waluchelys	44.030329729729736	42.094016619619616
0.0	Wangosaurus	65.05660886886888	60.97594925025025
0.0	Wannia	47.08179676876877	37.795177990990986
0.0	Wapitisaurus	75.07405653853854	74.6540632982983
0.0	Weigeltisaurus	84.97510865465465	79.24074692592592
0.0	Whitakersaurus	30.392058978978984	29.509151575575576
0.0	Wimanius	66.8637892022022	66.13300061361362
0.0	Wumengosaurus	71.78391136536537	67.18364906506507
0.0	Xenodiphyodon	57.57500182882883	56.20306219319319
0.0	Xilousuchus	70.04106396296297	69.37229366566568
0.0	Xingxiulong	25.843497854854853	24.9327958008008
0.0	Xinminosaurus	69.37745225825824	68.65742837837838
0.0	Xinpusaurus	65.34078135235234	52.435568518518515
0.0	Xiphopeza	25.801727912912916	24.955244935935934
0.0	Yarasuchus	71.7836974074074	67.15699897997999
0.0	Yelaphomte	43.910663416416426	42.00714743443444
0.0	Yimenosaurus	26.48599747947948	24.3349746996997
0.0	Youngetta	74.52119671971971	74.10971880880881
0.0	Youngina	85.44810024224225	76.52605944744744
0.0	Youngosuchus	70.68419979979981	69.92893459759759
0.0	Yunguisaurus	66.28794317717718	61.30071097997998
0.0	Yunnanosaurus	26.458341475475475	24.411664517517515
0.0	Zanclodon	66.75641184984985	28.37439838138138
0.0	Zhongjiania	84.29636898998999	79.54026322622623
0.0	Zupaysaurus	40.983688861861864	39.124253248248245
