clade	species	ts	te
0.0	Acanthostomatops	292.01864054054056	291.8311714134134
0.0	Acerastea	251.55721787387384	251.38897609809808
0.0	Acheloma	294.46428229529533	263.0408083543544
0.0	Acroplous	298.4314548478479	289.5256819369369
0.0	Actinodon	296.8829173023023	286.03886816416417
0.0	Actiobates	305.17656269069073	305.0111434724724
0.0	Adamanterpeton	308.6307646576576	308.4656174274275
0.0	Almasaurus	231.9601719239239	230.78183688488488
0.0	Amphibamus	310.0502068358358	306.9542434474475
0.0	Anakamacops	269.837461963964	267.8216418318318
0.0	Anaschisma	236.59481463963965	204.94087382582583
0.0	Anconastes	302.3975062012012	302.22692678778776
0.0	Angusaurus	254.7326782082082	244.5168532292292
0.0	Anisodexis	279.21865812512516	278.312196971972
0.0	Anthichnium	262.15259321521523	260.2430361111111
0.0	Anthracobamus	300.68048277377375	300.5146927277277
0.0	Apachesaurus	236.31603554454455	203.79889428328332
0.0	Apateon	302.4897364124124	262.2867298958959
0.0	Aphaneramma_Temperate_N	252.9153873173173	246.4179135905906
0.0	Aphaneramma_Temperate_S	253.33258575375376	249.94973524524525
0.0	Arachana	225.64000127327327	224.71092011111114
0.0	Archegosaurus	299.06285326126124	284.2018197107107
0.0	Arenaerpeton	249.48815911111112	249.3513286236236
0.0	Aspidosaurus_Temperate_N	272.684253022022	270.9062939339339
0.0	Aspidosaurus_Tropical_N	302.97878470370375	271.69408399499497
0.0	Aspidosaurus_Tropical_S	302.2920585425425	278.06295852452456
0.0	Astreptorhachis	300.5540981111111	300.3847313813814
0.0	Australerpeton	267.30724426626625	258.6093741921922
0.0	Bageherpeton	266.4226852432432	265.1468395565566
0.0	Banksiops	252.4571332192192	251.22371555155155
0.0	Bashkirosaurus	267.09635444644647	264.92231606106105
0.0	Bathignathus	250.16343129829832	242.16821313413413
0.0	Batrachosuchoides_Temperate_N	253.66028047547547	244.435616980981
0.0	Batrachosuchus_Temperate_S	251.7130964154154	241.16620464564565
0.0	Benthosphenus	249.91106765065066	249.79862623923924
0.0	Benthosuchus	251.73810590090093	247.1888671061061
0.0	Bermanerpeton	301.88720418518517	301.723102024024
0.0	Boreopelta	248.03851974674677	247.91293243143141
0.0	Bothriceps	259.72110675675674	251.69470866866868
0.0	Brachyops	250.40032834734734	250.26329737337335
0.0	Branchierpeton	306.16620670270265	289.11895222222216
0.0	Branchiosaurus	309.8153464274274	294.4387784954955
0.0	Brevidorsum	294.1020591271271	293.9267290390391
0.0	Broiliellus	297.4096313673674	273.8328955875876
0.0	Broomistega	253.310358034034	247.89761637337338
0.0	Bukobaja	246.1701840630631	235.24983647447445
0.0	Bulgosuchus	249.40109087587587	249.28735127127126
0.0	Cacops	289.9532657267267	274.65463093193193
0.0	Calamops	220.69123898498498	219.54715536036036
0.0	Callistomordax	240.43866006206207	235.95924594594595
0.0	Calmasuchus	245.3511692952953	244.73195515715716
0.0	Capetus	308.62830786886883	308.4586889259259
0.0	Capitosauroides	244.74665886386387	244.05031743643644
0.0	Capulomala	253.17353904204202	249.47919253153154
0.0	Cheliderpeton	298.04515177477475	263.2644658298298
0.0	Chelydosaurus	271.09788240840845	269.60354995695695
0.0	Chenoprosopus	301.8464326686686	285.0688369219219
0.0	Cherninia	245.65140181881878	242.11245438538538
0.0	Chinlestegophis	223.24005346346345	209.09788241741742
0.0	Chomatobatrachus	252.59252556256257	251.19855859359362
0.0	Clamorosaurus	279.66699809509515	271.1199913573573
0.0	Cochleosaurus	310.2324608958959	307.1356356036036
0.0	Collidosuchus	266.5660765515516	264.3113588608609
0.0	Compsocerops_Temperate_S	233.39554499599598	210.7878012232232
0.0	Conjunctio	298.5714992262262	287.8588299109109
0.0	Cosgriffius	248.1176756746747	247.99536554754752
0.0	Cyclotosaurus_Temperate_N	245.74203156256257	200.77627147047048
0.0	Cyclotosaurus_Tropical_N	245.78303355055056	245.12541140440442
0.0	Czatkobatrachus	249.73357802702702	249.62366457257258
0.0	Dasyceps	297.5813970370371	276.0332839219219
0.0	Dawsonerpeton	301.7935684934935	300.48314982982987
0.0	Deltacephalus	250.2557525025025	250.14420015315315
0.0	Deltasaurus_Antarctic	252.51208503003005	251.05425146246245
0.0	Deltasaurus_Temperate_S	252.59547028128128	246.06523596896895
0.0	Derwentia	252.9338163073073	251.007254977978
0.0	Dissorophus	291.67452080280276	272.2526933783784
0.0	Doleserpeton	287.61016108408404	275.5595713623623
0.0	Dutuitosaurus	231.69408213113113	230.56096542842843
0.0	Dvinosaurus	265.7500649309309	255.49701308908908
0.0	Ecolsonia	297.7250952402403	287.5050516906907
0.0	Edingerella	253.15524237437438	249.16974229429428
0.0	Edops	302.54014258758764	280.3236656256256
0.0	Eimerisaurus	293.9217978948949	289.52717746646647
0.0	Eocyclotosaurus	247.09798255355355	242.25578877177176
0.0	Eodiscoglossus	232.05567826226226	231.03467854954957
0.0	Eolydekkerina	249.62086906506508	249.5159502642643
0.0	Eoscopus	301.8570364814815	301.6917290970971
0.0	Erpetosaurus	310.1440594914915	307.0025745705706
0.0	Eryops	305.33218387987984	261.8018451121121
0.0	Eryosuchus_Temperate_N	250.93644995195194	240.24759497197198
0.0	Eryosuchus_Temperate_S	246.78964801501502	243.12920949949952
0.0	Erythrobatrachus	249.93834045445445	249.8017010920921
0.0	Eumicrerpeton	308.89116646946945	308.7237176886886
0.0	Eurycervix	244.96014088488488	244.26603051951952
0.0	Fayella	270.35420626226227	264.64099874274274
0.0	Fedexia	301.40827705005	301.2422294944945
0.0	Funcusvermis	216.28887505405405	215.20659598598598
0.0	Georgenthalia	287.1021501621622	286.57270032232225
0.0	Gerobatrachus	279.66813914214214	278.8824639499499
0.0	Gerrothorax_Temperate_N	243.52317071171169	201.72465142042043
0.0	Glanochthon	299.16895562462463	285.6924306266266
0.0	Glaukerpeton	304.0615989109109	303.88559489789793
0.0	Hadrokkosaurus	246.45625854854856	245.90819079679682
0.0	Hemiprichisaurus	206.3249361101101	204.56113002902904
0.0	Heptasaurus	244.7346402822823	244.03428057357357
0.0	Hyperokynodon	235.22014872572572	227.6141628048048
0.0	Indobrachyops	251.7937086046046	248.66644079279277
0.0	Inflectosaurus	249.6141191831832	245.58313606006007
0.0	Intasuchus	274.9987818928929	273.73285667267265
0.0	Iratusaurus	266.7524138428428	264.47961217317317
0.0	Isodectes	310.5265325525525	272.15489545545546
0.0	Jammerbergia	245.11286913313316	244.5737023093093
0.0	Kamacops	267.49338775475474	263.51767963863864
0.0	Keratobrachyops	251.61520879579578	251.4368517037037
0.0	Kestrosaurus	251.49574886686685	246.19744322622623
0.0	Koinia	273.9019990660661	267.4880495935936
0.0	Komatosuchus	248.95625644844844	248.84487931231234
0.0	Konzhukovia_Temperate_N	267.53117279679685	261.59403643943944
0.0	Konzhukovia_Temperate_S	265.1738032762762	258.33621109309314
0.0	Korkonterpeton	296.30304484284284	296.12544137437436
0.0	Kuttycephalus	222.4280966976977	210.93098868368367
0.0	Kwatisuchus	248.82044485885885	248.71190717417417
0.0	Laccosaurus	257.279957009009	256.1919113273273
0.0	Lafonius	302.79919280180184	299.4157781841842
0.0	Laidleria	244.54762690190194	243.95147840440438
0.0	Lapillopsis	251.75977660460464	251.4987257217217
0.0	Leptorophus	293.27784381381383	285.98045334734735
0.0	Limnerpeton	310.01310474574575	299.6364356216216
0.0	Limnogyrinus	312.2414464634635	288.9113321481481
0.0	Luzocephalus	255.3285278018018	248.37020960960962
0.0	Lydekkerina	259.60227994494494	246.70376307407406
0.0	Lyrocephaliscus	254.43039362162162	247.86069230230228
0.0	Macrerpeton	308.8153321571572	308.6432593423424
0.0	Macromerium	308.90883250850857	308.73756263763767
0.0	Mahavisaurus	252.75445863563561	248.9323141101101
0.0	Manubrantlia	250.38307241641644	250.25461149049048
0.0	Mastodonsaurus_Temperate_N	246.4013976616617	202.7264781881882
0.0	Mastodonsaurus_Tropical_N	246.436819973974	242.59662376576577
0.0	Megalophthalma	238.63979634934935	237.89419194594595
0.0	Melanerpeton	301.86656885185187	266.2076648298298
0.0	Melanopelta	252.16752033833833	245.66669273073074
0.0	Melosaurus	275.46117836136136	263.30604960160156
0.0	Mentosaurus	244.97221100500502	244.24999072772775
0.0	Metoposaurus_Temperate_N	237.2561223853854	201.84440156956956
0.0	Metoposaurus_Temperate_S	235.19145158658657	228.3227687157157
0.0	Metoposaurus_Tropical_N	235.6519022712713	219.79852076476476
0.0	Metoposaurus_Tropical_S	233.5253288768769	208.76027114014013
0.0	Meyerosuchus	249.47287603803804	246.22589666966965
0.0	Micromelerpeton	302.80629955255256	286.700601977978
0.0	Micropholis	252.77617796096098	247.25845005605606
0.0	Microposaurus	246.7834067987988	242.50577042742742
0.0	Milnererpeton	301.33714016216214	301.17319707407404
0.0	Miobatrachus	308.6252394974975	308.4656178998999
0.0	Mordex	308.45478038338337	308.2889054144144
0.0	Nannospondylus	268.7680174084084	266.93603032232227
0.0	Nanobamus	292.0166853373373	291.77542462962964
0.0	Nanolania	251.62145685385386	251.42932021421421
0.0	Neldasaurus	298.07544527527523	283.5952547237237
0.0	Nigerpeton	254.29088683283285	252.51373943743744
0.0	Nooxobeia	269.4221926206206	267.73187874274277
0.0	Notobrachyops	244.3318513243243	243.7488924214214
0.0	Nyranerpeton	311.12558066466465	298.38782999199196
0.0	Odenwaldia_Temperate_N	248.1098344124124	247.9816535095095
0.0	Odenwaldia_Tropical_N	247.69274894094093	247.53182646746745
0.0	Odenwaldia_Tropical_S	247.18087885485488	242.653755017017
0.0	Onchiodon	303.61560637637643	265.19926518218216
0.0	Palatinerpeton	293.7558737247248	293.580076009009
0.0	Panthasaurus	235.79376943143146	213.97402303903905
0.0	Paracyclotosaurus_Temperate_S	246.0317978768769	242.39260145945946
0.0	Parapytanga	264.40196395195187	263.1294546106106
0.0	Parioxys	296.5175705435435	276.325485063063
0.0	Parotosuchus_Temperate_N	250.92892844244247	246.6545189099099
0.0	Parotosuchus_Tropical_N	250.09085362762764	249.97726281481482
0.0	Pasawioops	292.8826737927928	284.6681143853854
0.0	Pelorocephalus	232.38272199699696	217.53158018218218
0.0	Peltobatrachus	259.5419441681682	254.62456207907908
0.0	Peltostega	254.30582012212213	248.0509062132132
0.0	Perryella	280.6862117257257	279.9354418298298
0.0	Phonerpeton	295.14969137537537	283.51044786986984
0.0	Plagiobatrachus	251.9337795955956	251.5960492602603
0.0	Plagiorophus	246.46252993793794	237.4572493873874
0.0	Plagiosaurus	217.02812879179177	200.40794624824824
0.0	Plagioscutum	246.5766011941942	237.45693659759758
0.0	Plagiosternum	243.64620920920925	230.3795186916917
0.0	Plagiosuchus	240.06372394894896	231.89881345545544
0.0	Platycepsion	246.98805215715714	246.63367326326326
0.0	Platyhystrix	303.7839492632633	283.4496401141141
0.0	Platyoposaurus	274.52972534434434	260.41218695995997
0.0	Platyrhinops	309.8837665125125	307.1090804214215
0.0	Platystega	250.22565852752754	250.1124282812813
0.0	Plemmyradytes	295.61116096496494	295.43043474674676
0.0	Pleuronoura	290.54217126326324	290.1432197937938
0.0	Pneumatostega	252.9648938978979	251.00117759159158
0.0	Porierpeton	301.1567162062062	300.98625213013014
0.0	Potamochoston	309.00688801201204	308.8459163413413
0.0	Prionosuchus	279.5584507107107	278.87889395595596
0.0	Procuhy	291.42846350750744	291.1269811761762
0.0	Promastodonsaurus	224.17492379979979	223.24694244044042
0.0	Prothoosuchus	252.8527427867868	245.14723134234234
0.0	Qantas	255.5833958978979	246.30590205705704
0.0	Quasicyclotosaurus	246.97843254754753	244.19654737637637
0.0	Rastosuchus	267.1689844034034	264.05680446446445
0.0	Reiszerpeton	293.6611299019019	293.47532801301304
0.0	Rewana	252.86662416816816	250.99593278978978
0.0	Rhadalognathus	246.36526496896894	245.78857712112114
0.0	Rhineceps	257.0281569139139	255.86245453553553
0.0	Rhinesuchoides	264.1285781881882	255.2690358078078
0.0	Rhinesuchus_Temperate_N	254.14269473573572	245.2330065815816
0.0	Rhinesuchus_Temperate_S	264.64569887687685	253.8417236916917
0.0	Rhytidosteus_Temperate_N	253.00679243643643	244.85081405905905
0.0	Rhytidosteus_Temperate_S	250.33036776976977	250.21789455355355
0.0	Rileymillerus	222.4653465965966	215.83462726226225
0.0	Rotaryus	286.6866763703704	286.14841733933935
0.0	Rotaurisaurus	251.644765993994	251.46148493593597
0.0	Rubeostratilia	294.72322438938943	294.5462722622623
0.0	Saharastega	253.16562042742743	252.39112313313314
0.0	Samarabatrachus	251.75157647447446	251.41236377677677
0.0	Sangaia	248.6654474164164	248.55149015915916
0.0	Scapanops	295.75487266866867	295.58036793093095
0.0	Schoenfelderpeton	298.16617944544544	286.71011673273273
0.0	Sclerocephalus	300.78381583383384	283.34624316316314
0.0	Sclerothorax	252.4035554304304	245.33365316216216
0.0	Selenocara	254.9290881551551	250.67632852852853
0.0	Slaugenhopia	278.4858404824825	270.1684567777778
0.0	Sparagmites	308.56881640240243	308.4053696526526
0.0	Stanocephalosaurus_Temperate_S	246.23947991191193	242.35461122322323
0.0	Stanocephalosaurus_Tropical_N	248.50490772672674	243.79860207307306
0.0	Stanocephalosaurus_Tropical_S	244.54691200900902	244.06616902402402
0.0	Stegops	310.0258857117118	306.72770376076073
0.0	Stenokranio	298.9144852792793	298.7407266456456
0.0	Stenotosaurus	248.76860125625626	219.80248224724727
0.0	Stoschiosaurus	254.78078648548552	250.8690477147147
0.0	Subcyclotosaurus	245.31508940940944	244.75135976576578
0.0	Syndyodosuchus	275.12151882882887	273.82989277177177
0.0	Syrtosuchus	254.70210176476476	247.67854712912916
0.0	Tambachia	287.18154173873876	286.6212302922923
0.0	Tatrasuchus	240.91883364964966	236.1535195215215
0.0	Tersomius	295.0664744504504	273.05848745345344
0.0	Tertrema	253.73889994194195	248.24887674674673
0.0	Tertremoides	253.25591682982983	248.90846188388392
0.0	Thabanchuia	251.59039438538537	251.44182085685685
0.0	Thoosuchus	252.317816998999	246.85410924624625
0.0	Timonya	287.42713942242244	275.59984878678677
0.0	Tirraturhinus	251.94124193393395	251.63473264764764
0.0	Tomeia	251.35972236836835	248.00953864664663
0.0	Trematolestes	239.78233200200202	236.30007562962962
0.0	Trematosaurus_Temperate_N	259.24580531431434	201.47211670270272
0.0	Trematosuchoides	248.19193242342342	248.07445734234233
0.0	Trematosuchus	250.43783353953953	246.52938624024023
0.0	Trematotegmen	255.2563221941942	248.35670856156156
0.0	Triadobatrachus	250.67639727427425	250.4889612952953
0.0	Triassurus	235.49430077577577	234.45990675675677
0.0	Trimerorhachis	301.15387828028025	261.3436134984985
0.0	Trucheosaurus	257.67538420720723	256.58673209309313
0.0	Trypanognathus	299.80149823323325	299.63344763163167
0.0	Tryphosuchus	267.0768833763764	258.5316956446446
0.0	Tungussogyrinus	261.37786779479484	249.28831693393394
0.0	Tupilakosaurus	252.69052338138138	251.19122573573574
0.0	Uralosuchus	264.61460054254246	262.5021502212212
0.0	Uranocentrodon	256.0502599049049	255.0047391941942
0.0	Uruyiella	223.96460638238236	223.08235056756757
0.0	Vanastega	245.38863691791792	244.79365644844844
0.0	Vigilius	246.87702552452453	244.3404604754755
0.0	Vladlenosaurus	249.69417835235234	249.5673021151151
0.0	Volgosuchus	249.7505223543544	249.61916915015016
0.0	Vyborosaurus	249.72420246846846	249.6061641181181
0.0	Wantzosaurus	252.47697287787787	248.68348725625626
0.0	Warrenisuchus	251.75592712112112	251.46317744644642
0.0	Watsonisuchus_Antarctic	252.60883713913915	251.08907026426425
0.0	Watsonisuchus_Temperate_S	253.49989123923925	245.2720464844845
0.0	Wellesaurus	249.32945763163164	245.8623765755756
0.0	Wetlugasaurus	252.3510344054054	246.8425149029029
0.0	Xenobrachyops	251.7522094234234	251.49582428128127
0.0	Xenotosuchus	246.75058006506507	241.99181268568572
0.0	Yarengia	252.20907150750747	244.4492821001001
0.0	Yuanansuchus	245.39563818718722	242.18635082082085
0.0	Zatrachys	302.45754286686685	272.5919636906907
0.0	Zygosaurus	273.75045814114117	263.165881985986
